1 5.2364 8.7187 0.00 80.00 10.0
7 24.5163 0.1671 0.00 80.00 10.0
2 40.7242 10.7700 10.63 90.63 10.0
8 43.6276 8.7613 14.16 94.16 10.0
9 59.7599 6.9877 30.39 110.39 10.0
14 57.3408 26.5322 50.08 130.08 10.0
4 53.6202 33.2198 57.74 137.74 10.0
6 33.7217 33.3796 77.64 157.64 10.0
19 31.5263 39.8238 84.44 164.44 10.0
10 31.5459 44.8322 89.45 169.45 10.0
17 20.6862 60.8903 108.84 188.84 10.0
12 14.2175 79.0072 128.07 208.07 10.0
13 2.1236 91.1151 145.19 225.19 10.0
16 34.3462 80.1497 179.22 259.22 10.0
18 52.7075 80.9339 197.60 277.60 10.0
15 83.7838 76.8795 228.94 308.94 10.0
20 76.9279 51.2752 255.45 335.45 10.0
5 85.2087 15.9662 291.72 371.72 10.0
11 90.5399 9.2765 300.27 380.27 10.0
3 90.1199 3.8154 305.75 385.75 10.0