16 6.3242 24.5362 0.00 80.00 10.0
4 16.2577 22.0923 0.00 80.00 10.0
10 45.2275 34.4713 27.07 107.07 10.0
7 46.8379 35.1541 28.82 108.82 10.0
5 45.4794 39.0128 32.91 112.91 10.0
19 64.9891 43.4662 52.92 132.92 10.0
17 66.2306 47.8315 57.46 137.46 10.0
2 61.9834 69.9443 79.98 159.98 10.0
1 48.1247 66.6088 94.23 174.23 10.0
13 30.6977 64.7104 111.76 191.76 10.0
8 22.7373 60.2793 120.87 200.87 10.0
12 6.5269 67.6498 138.68 218.68 10.0
18 0.4720 82.1504 154.40 234.40 10.0
11 60.9503 25.4224 237.31 317.31 10.0
20 52.1439 17.0830 249.44 329.44 10.0
9 92.3868 16.7334 289.69 369.69 10.0
14 90.7327 58.1870 331.17 411.17 10.0
6 96.2968 72.8722 346.88 426.88 10.0
3 90.2263 75.1813 353.37 433.37 10.0
15 91.2306 80.2594 358.55 438.55 10.0