9 14.2133 32.8672 0.00 80.00 10.0
6 10.6008 45.0143 8.48 88.48 10.0
13 8.1876 59.6037 23.27 103.27 10.0
8 37.8455 62.8324 53.10 133.10 10.0
1 51.0019 59.6998 66.63 146.63 10.0
12 52.1574 45.1511 81.22 161.22 10.0
14 49.3861 28.2118 98.39 178.39 10.0
18 68.6098 38.2536 120.07 200.07 10.0
10 77.9339 47.1271 132.95 212.95 10.0
5 73.3856 59.2554 145.90 225.90 10.0
3 72.9738 76.1014 162.75 242.75 10.0
16 53.9646 86.1479 184.25 264.25 10.0
4 45.8102 83.5545 192.81 272.81 10.0
19 45.5686 96.8195 206.07 286.07 10.0
17 39.6200 97.7371 212.09 292.09 10.0
11 38.7149 97.3479 213.08 293.08 10.0
2 30.2298 93.0032 222.61 302.61 10.0
15 93.2069 62.2769 292.68 372.68 10.0
7 97.0367 55.8085 300.20 380.20 10.0
20 60.8283 1.3327 365.61 445.61 10.0