21 8.3562 9.4994 0.00 80.00 10.0
14 27.7711 19.1948 0.00 80.00 10.0
23 11.2232 32.7288 15.73 95.73 10.0
13 16.4354 40.6660 25.23 105.23 10.0
38 20.5051 41.9518 29.49 109.49 10.0
20 16.7750 47.1690 35.91 115.91 10.0
29 20.0781 62.6350 51.72 131.72 10.0
16 17.8932 70.9986 60.37 140.37 10.0
25 13.9380 69.4088 64.63 144.63 10.0
36 28.3586 76.4711 80.69 160.69 10.0
32 35.9377 78.7850 88.61 168.61 10.0
40 37.4593 94.5516 104.45 184.45 10.0
10 35.2382 96.7976 107.61 187.61 10.0
8 46.7446 95.2063 119.23 199.23 10.0
33 63.5789 87.8175 137.61 217.61 10.0
22 66.3851 83.9928 142.35 222.35 10.0
12 64.6516 68.4278 158.01 238.01 10.0
27 66.6893 66.2767 160.98 240.98 10.0
24 61.1040 59.4007 169.84 249.84 10.0
11 76.0866 60.6364 184.87 264.87 10.0
31 79.4981 60.2163 188.31 268.31 10.0
34 75.5609 49.0781 200.12 280.12 10.0
39 57.1419 35.1419 223.22 303.22 10.0
6 49.4927 28.1473 233.58 313.58 10.0
3 54.9936 23.8677 240.55 320.55 10.0
35 64.6940 20.3391 250.87 330.87 10.0
15 68.9275 3.5573 268.18 348.18 10.0
37 70.5033 2.7720 269.94 349.94 10.0
2 72.2076 1.7874 271.91 351.91 10.0
9 73.0752 3.8292 274.13 354.13 10.0
28 92.3177 23.5605 301.69 381.69 10.0
17 89.4024 30.2953 309.03 389.03 10.0
7 43.3087 39.4743 356.03 436.03 10.0
5 30.1650 59.8521 380.28 460.28 10.0
19 15.3599 91.4857 415.20 495.20 10.0
26 10.5310 93.3144 420.37 500.37 10.0
1 3.0555 86.7618 430.31 510.31 10.0
18 85.2832 83.2619 512.61 592.61 10.0
4 88.1760 85.3549 516.18 596.18 10.0
30 89.4292 93.1265 524.05 604.05 10.0