25 1.4843 26.8129 0.00 80.00 10.0
24 4.4753 31.5765 0.00 80.00 10.0
12 26.1315 26.9583 14.62 94.62 10.0
18 28.4165 32.4314 20.55 100.55 10.0
27 31.7999 32.9120 23.97 103.97 10.0
37 34.3592 30.1233 27.76 107.76 10.0
6 41.1154 26.8507 35.26 115.26 10.0
20 46.6597 39.8570 49.40 129.40 10.0
30 47.0921 43.2667 52.84 132.84 10.0
34 62.7320 38.2186 69.27 149.27 10.0
9 73.1089 35.9727 79.89 159.89 10.0
22 68.7782 52.6206 97.09 177.09 10.0
15 66.5866 55.2245 100.50 180.50 10.0
26 61.4464 65.2510 111.76 191.76 10.0
28 60.7714 69.2097 115.78 195.78 10.0
16 53.5702 63.5846 124.92 204.92 10.0
21 35.9974 57.6379 143.47 223.47 10.0
4 26.8937 56.1231 152.70 232.70 10.0
11 25.4238 54.0412 155.25 235.25 10.0
39 26.9572 69.1035 170.39 250.39 10.0
10 22.4333 74.6824 177.57 257.57 10.0
23 26.6215 83.1755 187.04 267.04 10.0
13 16.4818 84.3829 197.25 277.25 10.0
40 31.2417 94.1326 214.94 294.94 10.0
7 34.8217 74.2047 235.19 315.19 10.0
19 62.5296 84.2976 264.67 344.67 10.0
5 68.5283 89.9704 272.93 352.93 10.0
33 69.2297 96.3906 279.39 359.39 10.0
35 81.6901 91.0232 292.96 372.96 10.0
14 79.8433 75.2986 308.79 388.79 10.0
36 81.7637 63.3540 320.89 400.89 10.0
38 95.9328 37.4938 350.37 430.37 10.0
8 81.3395 18.4607 374.36 454.36 10.0
2 78.4108 17.7366 377.37 457.37 10.0
3 69.7753 0.1633 396.96 476.96 10.0
1 51.7321 3.0188 415.22 495.22 10.0
17 43.7533 10.0208 425.84 505.84 10.0
31 52.5980 18.0904 437.81 517.81 10.0
32 55.9511 13.7637 443.29 523.29 10.0
29 3.9821 70.3629 520.12 600.12 10.0