30 0.5948 8.4061 0.00 80.00 10.0
7 7.0355 19.3287 0.00 80.00 10.0
36 14.0316 17.8832 0.00 80.00 10.0
4 21.4523 22.1696 0.00 80.00 10.0
23 18.0842 6.5739 12.78 92.78 10.0
22 15.3367 3.4582 16.93 96.93 10.0
11 40.3894 20.8268 47.41 127.41 10.0
12 43.0154 30.4290 57.37 137.37 10.0
19 53.5084 34.5514 68.64 148.64 10.0
1 58.1152 19.4754 84.41 164.41 10.0
25 72.8276 36.2784 106.74 186.74 10.0
26 65.2389 47.5134 120.30 200.30 10.0
14 68.0147 66.4791 139.47 219.47 10.0
29 69.1080 68.3457 141.63 221.63 10.0
34 70.5725 77.4479 150.85 230.85 10.0
37 79.2560 73.8217 160.26 240.26 10.0
35 80.9257 79.2234 165.91 245.91 10.0
32 94.6098 87.5707 181.94 261.94 10.0
40 95.7123 88.4475 183.35 263.35 10.0
2 96.5251 92.3976 187.38 267.38 10.0
27 49.8452 87.5901 234.31 314.31 10.0
28 31.1294 86.9991 253.04 333.04 10.0
6 21.2377 97.1106 267.18 347.18 10.0
13 11.0799 82.3391 285.11 365.11 10.0
8 8.8864 76.9892 290.89 370.89 10.0
20 2.1866 70.4595 300.25 380.25 10.0
24 15.0759 68.4868 313.29 393.29 10.0
5 28.8522 69.2423 327.08 407.08 10.0
10 32.6028 63.7427 333.74 413.74 10.0
17 40.4554 66.8935 342.20 422.20 10.0
3 46.7139 66.3471 348.48 428.48 10.0
9 36.6515 47.1682 370.14 450.14 10.0
16 37.9278 42.2967 375.18 455.18 10.0
31 3.1993 34.5765 410.75 490.75 10.0
18 0.6519 46.4105 422.86 502.86 10.0
21 0.9444 56.4410 432.89 512.89 10.0
15 88.2447 39.4643 521.83 601.83 10.0
38 89.2449 44.6476 527.11 607.11 10.0
39 88.9572 13.9409 557.82 637.82 10.0
33 83.8576 11.8872 563.31 643.31 10.0