27 12.7046 11.0421 0.00 80.00 10.0
31 19.1287 5.7223 0.00 80.00 10.0
4 33.4699 16.3789 3.04 83.04 10.0
7 35.1264 16.9032 4.78 84.78 10.0
39 41.3995 8.2842 15.44 95.44 10.0
30 58.1974 1.4410 33.58 113.58 10.0
35 65.7122 7.4819 43.22 123.22 10.0
15 62.4821 11.6453 48.49 128.49 10.0
13 52.5765 25.0837 65.18 145.18 10.0
36 63.4969 35.5632 80.32 160.32 10.0
33 72.3593 45.1211 93.35 173.35 10.0
1 87.8099 34.9119 111.87 191.87 10.0
32 86.8115 31.9865 114.96 194.96 10.0
10 92.0363 22.7248 125.60 205.60 10.0
37 97.6605 26.7703 132.52 212.52 10.0
11 98.7846 61.2018 166.97 246.97 10.0
24 93.1157 69.8760 177.34 257.34 10.0
18 97.5775 73.6182 183.16 263.16 10.0
23 96.3526 79.1838 188.86 268.86 10.0
12 95.9745 81.6760 191.38 271.38 10.0
16 82.3172 76.5280 205.97 285.97 10.0
40 79.6191 91.9088 221.59 301.59 10.0
2 79.0724 95.1587 224.89 304.89 10.0
29 86.7359 96.7579 232.71 312.71 10.0
17 87.9798 97.6321 234.23 314.23 10.0
14 92.9410 99.9143 239.70 319.70 10.0
21 62.6279 82.6102 274.60 354.60 10.0
34 58.3822 85.1652 279.56 359.56 10.0
20 50.4715 76.0410 291.63 371.63 10.0
28 48.1091 78.2872 294.89 374.89 10.0
9 46.0356 88.1125 304.93 384.93 10.0
5 34.8303 75.1228 322.09 402.09 10.0
3 31.2219 76.8322 326.08 406.08 10.0
38 24.1937 92.2454 343.02 423.02 10.0
6 14.7567 65.9253 370.98 450.98 10.0
25 12.4232 41.8947 395.12 475.12 10.0
26 29.0678 26.2621 417.96 497.96 10.0
8 43.0117 38.6462 436.61 516.61 10.0
19 39.2451 53.2201 451.66 531.66 10.0
22 51.5503 59.0053 465.26 545.26 10.0