24 3.1223 22.3939 0.00 80.00 10.0
2 20.4623 20.2479 0.08 80.08 10.0
18 24.6688 26.4921 7.61 87.61 10.0
60 17.0602 33.0509 17.66 97.66 10.0
47 17.1956 40.8879 25.50 105.50 10.0
10 14.6592 46.0684 31.26 111.26 10.0
45 15.6066 51.0930 36.38 116.38 10.0
36 17.2865 59.4012 44.85 124.85 10.0
41 26.0535 46.4933 60.46 140.46 10.0
54 32.9431 56.8152 72.87 152.87 10.0
57 43.9858 55.0692 84.05 164.05 10.0
3 49.9487 61.1024 92.53 172.53 10.0
8 57.6300 64.9986 101.14 181.14 10.0
25 63.9675 69.4167 108.87 188.87 10.0
53 61.9880 76.0053 115.75 195.75 10.0
44 71.5805 67.3595 128.66 208.66 10.0
21 85.5925 67.7255 142.68 222.68 10.0
26 88.6961 60.2599 150.76 230.76 10.0
32 84.9676 58.7903 154.77 234.77 10.0
14 95.3434 62.3078 165.73 245.73 10.0
59 99.3727 64.5873 170.36 250.36 10.0
46 90.9238 82.2320 189.92 269.92 10.0
11 99.2986 87.1505 199.63 279.63 10.0
35 99.5596 97.1770 209.66 289.66 10.0
12 91.4583 95.5196 217.93 297.93 10.0
23 79.0655 95.8418 230.33 310.33 10.0
40 58.7099 89.5113 251.64 331.64 10.0
37 55.4473 92.8721 256.33 336.33 10.0
16 56.0808 93.7870 257.44 337.44 10.0
49 50.2864 97.2676 264.20 344.20 10.0
27 48.4860 89.1876 272.48 352.48 10.0
50 43.2960 92.4322 278.60 358.60 10.0
31 41.0395 79.4236 291.80 371.80 10.0
42 41.2883 75.5359 295.70 375.70 10.0
17 40.2186 74.3471 297.30 377.30 10.0
28 49.7373 71.3572 307.27 387.27 10.0
29 24.9445 74.5700 332.27 412.27 10.0
19 18.8451 81.6838 341.64 421.64 10.0
52 17.7214 91.2028 351.23 431.23 10.0
58 21.5038 91.0178 355.02 435.02 10.0
55 29.1275 86.6949 363.78 443.78 10.0
48 10.3334 76.4369 385.19 465.19 10.0
1 5.3704 90.2943 399.91 479.91 10.0
51 1.6390 96.3290 407.01 487.01 10.0
56 0.8497 48.8133 454.53 534.53 10.0
6 42.1680 31.8039 499.21 579.21 10.0
15 44.8287 25.3732 506.17 586.17 10.0
5 45.9641 18.3329 513.30 593.30 10.0
33 45.5012 17.8444 513.98 593.98 10.0
22 62.1438 2.6959 536.48 616.48 10.0
39 71.5430 16.1128 552.86 632.86 10.0
9 76.9723 27.5048 565.48 645.48 10.0
20 69.1260 35.1459 576.43 656.43 10.0
30 60.0385 37.8225 585.91 665.91 10.0
13 73.4851 50.3151 604.26 684.26 10.0
34 80.6341 39.7237 617.04 697.04 10.0
38 87.2871 22.5008 635.50 715.50 10.0
4 99.1550 29.4874 649.27 729.27 10.0
43 96.1008 6.1472 672.81 752.81 10.0
7 90.9116 6.2930 678.00 758.00 10.0