54 6.6140 15.2548 0.00 80.00 10.0
51 1.2977 27.0035 0.00 80.00 10.0
12 3.2337 33.8035 0.00 80.00 10.0
10 8.8104 36.6845 2.87 82.87 10.0
25 9.9886 39.0744 5.53 85.53 10.0
7 11.0386 45.0376 11.59 91.59 10.0
42 7.1862 46.6010 15.75 95.75 10.0
40 16.3519 47.8831 25.00 105.00 10.0
48 23.0179 58.5468 37.58 117.58 10.0
36 12.3163 62.8578 49.11 129.11 10.0
39 10.9219 63.7390 50.76 130.76 10.0
22 13.7281 69.2177 56.92 136.92 10.0
18 4.0426 67.6123 66.74 146.74 10.0
30 4.2803 65.2044 69.16 149.16 10.0
17 19.9894 90.7384 99.14 179.14 10.0
60 44.0685 89.5287 123.25 203.25 10.0
56 49.4399 91.0890 128.84 208.84 10.0
57 52.2109 85.3936 135.17 215.17 10.0
46 65.5035 89.3485 149.04 229.04 10.0
37 68.8789 97.0287 157.43 237.43 10.0
59 62.6277 99.8441 164.29 244.29 10.0
14 75.5885 99.8982 177.25 257.25 10.0
8 94.4454 70.9342 211.81 291.81 10.0
35 93.5591 66.7869 216.05 296.05 10.0
13 89.4070 54.8142 228.72 308.72 10.0
27 84.1574 55.8291 234.07 314.07 10.0
43 82.1860 52.3702 238.05 318.05 10.0
32 78.5098 52.4777 241.73 321.73 10.0
24 80.6600 61.2245 250.74 330.74 10.0
33 71.0047 64.1680 260.83 340.83 10.0
45 48.8746 61.2121 283.16 363.16 10.0
53 47.5584 64.0294 286.27 366.27 10.0
47 38.2024 48.6922 304.23 384.23 10.0
49 38.9366 47.7227 305.45 385.45 10.0
58 33.6150 39.2708 315.43 395.43 10.0
26 31.7578 40.0948 317.47 397.47 10.0
28 33.9746 25.5502 332.18 412.18 10.0
29 32.5218 20.2243 337.70 417.70 10.0
31 27.6705 22.0379 342.88 422.88 10.0
19 22.9037 5.7158 359.88 439.88 10.0
21 38.4097 5.7680 375.39 455.39 10.0
4 41.4925 0.3951 381.58 461.58 10.0
15 44.3200 12.2064 393.73 473.73 10.0
50 53.6134 14.9701 403.42 483.42 10.0
3 60.5050 12.0943 410.89 490.89 10.0
38 61.4348 18.3747 417.24 497.24 10.0
11 77.2411 28.2408 435.87 515.87 10.0
6 84.5211 31.6400 443.91 523.91 10.0
16 90.2759 27.5275 450.98 530.98 10.0
34 92.0381 33.8745 457.57 537.57 10.0
41 91.0628 42.8818 466.63 546.63 10.0
2 94.3657 46.2992 471.38 551.38 10.0
44 75.4082 40.3610 491.25 571.25 10.0
23 71.7204 34.3708 498.28 578.28 10.0
55 60.1116 42.0127 512.18 592.18 10.0
5 86.3664 18.8930 547.16 627.16 10.0
20 85.3120 14.4229 551.76 631.76 10.0
9 84.4506 11.3318 554.96 634.96 10.0
52 90.6408 15.1035 562.21 642.21 10.0
1 9.5335 30.1036 644.70 724.70 10.0