19 14.2186 20.3834 0.00 80.00 10.0
38 11.4238 22.5651 0.00 80.00 10.0
22 13.1118 26.8839 0.00 80.00 10.0
43 10.1877 33.1329 0.00 80.00 10.0
11 7.4512 34.8834 3.18 83.18 10.0
20 24.4687 32.1370 20.42 100.42 10.0
59 32.0169 19.9766 34.73 114.73 10.0
48 28.6547 16.7882 39.37 119.37 10.0
46 27.3404 4.1622 52.06 132.06 10.0
58 41.4976 4.9764 66.24 146.24 10.0
13 43.3442 3.7417 68.46 148.46 10.0
32 53.7739 6.5936 79.28 159.28 10.0
45 53.7084 10.7759 83.46 163.46 10.0
9 48.4003 13.7421 89.54 169.54 10.0
18 42.4683 15.3454 95.68 175.68 10.0
40 63.8326 6.7935 118.70 198.70 10.0
49 60.4600 0.4930 125.84 205.84 10.0
30 65.8154 13.9094 140.29 220.29 10.0
14 73.7508 10.0175 149.13 229.13 10.0
55 76.3509 3.4064 156.23 236.23 10.0
3 82.1003 5.6685 162.41 242.41 10.0
12 81.5069 17.8807 174.64 254.64 10.0
36 82.3399 21.5889 178.44 258.44 10.0
21 89.1814 21.3523 185.28 265.28 10.0
42 86.3586 27.7716 192.29 272.29 10.0
52 84.7903 32.4371 197.22 277.22 10.0
8 74.6537 27.8127 208.36 288.36 10.0
41 73.5320 30.7150 211.47 291.47 10.0
60 66.6351 23.6130 221.37 301.37 10.0
27 65.2579 23.9430 222.79 302.79 10.0
28 52.3543 38.9550 242.58 322.58 10.0
26 45.2955 38.4667 249.66 329.66 10.0
44 46.1604 42.9264 254.20 334.20 10.0
6 36.3935 45.0889 264.20 344.20 10.0
10 27.4810 49.0731 273.97 353.97 10.0
56 19.1326 57.6679 285.95 365.95 10.0
50 15.7930 66.8017 295.67 375.67 10.0
15 18.1777 74.5327 303.76 383.76 10.0
23 13.1891 82.9098 313.51 393.51 10.0
5 18.7708 97.1331 328.79 408.79 10.0
2 1.6764 94.2063 346.14 426.14 10.0
39 29.3569 78.6028 377.91 457.91 10.0
51 52.7819 70.7619 402.61 482.61 10.0
31 59.3474 73.1311 409.59 489.59 10.0
7 65.3760 69.0203 416.89 496.89 10.0
57 55.4911 61.0790 429.57 509.57 10.0
17 60.9201 49.6656 442.21 522.21 10.0
34 71.7480 49.4881 453.04 533.04 10.0
35 72.8618 54.9517 458.61 538.61 10.0
54 82.6864 53.5368 468.54 548.54 10.0
25 95.3510 54.9816 481.29 561.29 10.0
47 98.6950 48.7308 488.38 568.38 10.0
24 95.3326 76.5758 516.42 596.42 10.0
37 83.1529 74.8419 528.73 608.73 10.0
4 80.6328 80.4496 534.87 614.87 10.0
53 76.3099 80.5217 539.20 619.20 10.0
1 71.0684 90.1108 550.13 630.13 10.0
29 66.8380 87.1471 555.29 635.29 10.0
16 44.2270 55.3110 594.34 674.34 10.0
33 9.4109 53.8864 629.18 709.18 10.0