44 0.6899 7.0619 0.00 80.00 10.0
37 6.1061 7.9322 0.00 80.00 10.0
39 7.3381 4.4764 0.00 80.00 10.0
41 5.6402 13.6561 0.00 80.00 10.0
56 1.6251 13.5978 0.00 80.00 10.0
55 11.1372 17.6313 0.00 80.00 10.0
33 13.1045 12.9047 5.05 85.05 10.0
19 16.4720 14.0196 8.60 88.60 10.0
54 18.8327 18.1624 13.37 93.37 10.0
22 26.7494 14.0688 22.28 102.28 10.0
48 24.7700 27.1622 35.52 115.52 10.0
53 20.6217 39.0648 48.13 128.13 10.0
59 16.7223 47.7240 57.62 137.62 10.0
38 23.7032 58.5756 70.53 150.53 10.0
11 36.2717 50.7246 85.35 165.35 10.0
45 33.6702 45.9441 90.79 170.79 10.0
46 45.4293 53.8909 104.98 184.98 10.0
9 42.5075 59.0089 110.87 190.87 10.0
24 48.7336 45.1161 126.10 206.10 10.0
18 49.4859 32.9426 138.30 218.30 10.0
3 48.2061 27.3624 144.02 224.02 10.0
23 46.3564 20.1657 151.45 231.45 10.0
30 49.3010 16.9026 155.85 235.85 10.0
16 41.0728 22.7668 165.95 245.95 10.0
5 41.6746 31.6051 174.81 254.81 10.0
10 66.1143 27.7636 199.55 279.55 10.0
36 69.9009 29.4274 203.68 283.68 10.0
52 74.0052 28.9799 207.81 287.81 10.0
2 82.1641 24.7763 216.99 296.99 10.0
15 88.3553 19.4341 225.17 305.17 10.0
7 91.2403 15.0441 230.42 310.42 10.0
21 88.8804 0.3897 245.27 325.27 10.0
57 73.5156 4.8765 261.27 341.27 10.0
4 54.2021 7.4992 280.76 360.76 10.0
26 50.2191 4.4891 285.75 365.75 10.0
40 20.1307 1.0805 316.04 396.04 10.0
42 12.0369 33.3352 349.29 429.29 10.0
6 4.0072 81.5613 398.18 478.18 10.0
34 14.8883 87.5976 410.62 490.62 10.0
32 11.0534 95.0748 419.03 499.03 10.0
29 9.0562 99.1221 423.54 503.54 10.0
17 45.1471 85.4290 462.14 542.14 10.0
60 60.2422 94.1697 479.58 559.58 10.0
20 82.2837 95.1939 501.65 581.65 10.0
14 90.8685 97.8890 510.65 590.65 10.0
50 91.6394 92.8195 515.78 595.78 10.0
31 96.3368 92.8073 520.47 600.47 10.0
12 99.3553 93.0796 523.50 603.50 10.0
43 84.9919 66.7826 553.47 633.47 10.0
51 81.0801 62.6457 559.16 639.16 10.0
47 72.1506 63.5024 568.13 648.13 10.0
58 70.7928 70.6373 575.39 655.39 10.0
35 60.6172 55.5681 593.58 673.58 10.0
8 63.2288 52.8655 597.34 677.34 10.0
25 63.1429 51.4567 598.75 678.75 10.0
13 77.7155 45.7891 614.38 694.38 10.0
28 87.0073 32.3669 630.71 710.71 10.0
1 93.4262 38.8035 639.80 719.80 10.0
27 94.2617 42.7088 643.79 723.79 10.0
49 99.3104 52.2968 654.63 734.63 10.0