44 0.3480 2.2807 0.00 80.00 10.0
55 12.0548 8.0463 0.00 80.00 10.0
21 4.0662 17.6952 0.00 80.00 10.0
14 14.9582 27.8887 2.80 82.80 10.0
22 21.8537 18.8972 14.13 94.13 10.0
3 23.3986 17.5839 16.16 96.16 10.0
41 28.8491 13.2559 23.12 103.12 10.0
36 30.3107 7.4558 29.10 109.10 10.0
19 39.4176 11.7725 39.18 119.18 10.0
18 37.5457 14.9165 42.84 122.84 10.0
57 28.2549 23.6465 55.59 135.59 10.0
46 22.0387 42.4011 75.35 155.35 10.0
50 22.7364 44.7597 77.81 157.81 10.0
23 29.8279 45.9872 85.00 165.00 10.0
5 31.5424 48.3988 87.96 167.96 10.0
10 42.9849 52.5705 100.14 180.14 10.0
53 40.4129 63.8979 111.76 191.76 10.0
42 30.2687 75.3082 127.02 207.02 10.0
48 37.2829 82.0120 136.73 216.73 10.0
31 40.2336 83.8252 140.19 220.19 10.0
52 31.2348 95.0679 154.59 234.59 10.0
16 18.5291 90.5227 168.08 248.08 10.0
28 16.6008 82.5423 176.29 256.29 10.0
8 12.6897 82.0263 180.24 260.24 10.0
30 16.1539 78.0398 185.52 265.52 10.0
43 13.3708 73.7550 190.63 270.63 10.0
32 4.8743 75.0486 199.22 279.22 10.0
1 1.6825 96.1827 220.60 300.60 10.0
37 2.2836 53.2972 263.49 343.49 10.0
39 3.9664 47.7344 269.30 349.30 10.0
33 7.7477 39.0260 278.79 358.79 10.0
24 54.2640 56.5149 328.49 408.49 10.0
51 67.9177 54.1517 342.35 422.35 10.0
38 73.4323 63.2636 353.00 433.00 10.0
60 82.8197 52.0184 367.64 447.64 10.0
34 96.4388 60.7403 383.82 463.82 10.0
59 96.5177 66.9531 390.03 470.03 10.0
29 93.4967 69.8371 394.21 474.21 10.0
4 89.3246 67.3073 399.09 479.09 10.0
49 88.7619 74.5763 406.38 486.38 10.0
45 81.9733 78.9779 414.47 494.47 10.0
47 81.7065 81.7203 417.22 497.22 10.0
15 83.5706 93.1450 428.80 508.80 10.0
27 83.6761 97.3785 433.03 513.03 10.0
56 93.6099 82.4389 450.97 530.97 10.0
7 67.4442 79.7999 477.27 557.27 10.0
12 66.1532 88.4323 486.00 566.00 10.0
20 55.1848 90.6987 497.20 577.20 10.0
26 59.6970 27.8378 560.22 640.22 10.0
40 60.3106 27.3564 561.00 641.00 10.0
13 60.5992 26.5332 561.88 641.88 10.0
17 60.8793 20.9641 567.45 647.45 10.0
11 63.2018 10.2830 578.38 658.38 10.0
25 63.8710 6.3423 582.38 662.38 10.0
6 78.7063 19.8427 602.44 682.44 10.0
2 89.1569 7.4202 618.67 698.67 10.0
58 92.1350 5.6860 622.12 702.12 10.0
9 96.5185 5.1568 626.53 706.53 10.0
35 89.4143 1.3629 634.59 714.59 10.0
54 99.3539 22.5774 658.02 738.02 10.0