71 11.2392 5.2377 0.00 80.00 10.0
3 21.4902 7.8038 0.00 80.00 10.0
9 22.5183 10.7237 0.00 80.00 10.0
24 25.2703 9.9977 0.00 80.00 10.0
75 25.3379 24.6119 3.52 83.52 10.0
18 25.0958 28.1334 7.05 87.05 10.0
57 31.8759 25.2101 14.44 94.44 10.0
66 33.3524 24.1834 16.23 96.23 10.0
50 34.5560 33.2293 25.36 105.36 10.0
54 42.8740 28.9076 34.73 114.73 10.0
58 52.1113 39.9723 49.15 129.15 10.0
78 57.9535 47.6744 58.82 138.82 10.0
17 61.8340 47.4702 62.70 142.70 10.0
80 65.3625 51.4468 68.02 148.02 10.0
31 54.9937 59.6940 81.27 161.27 10.0
37 56.5392 62.2490 84.25 164.25 10.0
39 57.8519 64.6282 86.97 166.97 10.0
21 52.8569 70.8384 94.94 174.94 10.0
29 56.3301 77.1809 102.17 182.17 10.0
14 57.2508 82.6960 107.76 187.76 10.0
63 54.6519 87.1789 112.94 192.94 10.0
48 61.4491 87.1317 119.74 199.74 10.0
43 68.4997 84.8974 127.14 207.14 10.0
74 75.1105 80.5251 135.06 215.06 10.0
77 79.4240 75.7448 141.50 221.50 10.0
26 81.2931 69.9579 147.58 227.58 10.0
12 73.3186 72.2996 155.89 235.89 10.0
2 71.8847 73.4886 157.76 237.76 10.0
56 72.4425 74.3785 158.81 238.81 10.0
73 86.0046 78.3672 172.94 252.94 10.0
62 89.5030 68.1164 183.77 263.77 10.0
49 94.3995 68.2182 188.67 268.67 10.0
72 93.4129 52.9356 203.99 283.99 10.0
36 87.2658 54.3461 210.29 290.29 10.0
70 78.2120 55.0342 219.37 299.37 10.0
60 79.4504 42.0302 232.44 312.44 10.0
42 67.5973 32.7767 247.47 327.47 10.0
30 70.8675 29.1773 252.34 332.34 10.0
59 59.3981 32.8157 264.37 344.37 10.0
53 62.6901 16.2861 281.22 361.22 10.0
4 60.2743 12.1920 285.98 365.98 10.0
51 63.1142 6.6722 292.19 372.19 10.0
65 48.7695 1.8982 307.30 387.30 10.0
47 81.6853 3.2582 340.25 420.25 10.0
8 82.8091 2.4724 341.62 421.62 10.0
6 87.2150 11.8689 352.00 432.00 10.0
25 91.9444 9.6683 357.21 437.21 10.0
64 93.3795 0.9263 366.07 446.07 10.0
68 86.0849 26.0829 392.26 472.26 10.0
55 86.9287 28.6241 394.94 474.94 10.0
1 97.9050 45.6298 415.18 495.18 10.0
20 88.6585 89.4562 459.97 539.97 10.0
28 99.5864 98.6862 474.28 554.28 10.0
16 58.0335 94.5894 516.03 596.03 10.0
44 53.6438 98.0373 521.61 601.61 10.0
5 38.2227 88.9703 539.50 619.50 10.0
32 39.4056 81.8999 546.67 626.67 10.0
13 41.5038 78.6135 550.57 630.57 10.0
76 43.3711 76.7631 553.20 633.20 10.0
33 44.4214 74.9489 555.30 635.30 10.0
67 46.1382 67.7299 562.72 642.72 10.0
41 33.0789 55.4298 580.66 660.66 10.0
22 29.6489 48.1570 588.70 668.70 10.0
40 38.0062 47.7378 597.07 677.07 10.0
15 24.8882 36.9124 614.07 694.07 10.0
38 22.9051 38.6257 616.69 696.69 10.0
11 18.3432 40.9443 621.81 701.81 10.0
23 14.5541 42.0140 625.75 705.75 10.0
46 18.1901 36.3435 632.49 712.49 10.0
34 6.4686 44.4886 646.76 726.76 10.0
27 9.0054 48.5153 651.52 731.52 10.0
10 12.7638 52.3425 656.88 736.88 10.0
35 4.4437 64.6835 671.77 751.77 10.0
79 19.4250 66.6644 686.88 766.88 10.0
61 13.6143 77.4531 699.13 779.13 10.0
52 2.8134 88.1660 714.34 794.34 10.0
69 1.1736 99.9046 726.20 806.20 10.0
19 21.5787 98.6365 746.64 826.64 10.0
45 30.9500 91.9563 758.15 838.15 10.0
7 8.2234 22.2486 831.47 911.47 10.0