71 1.0513 1.1397 0.00 80.00 10.0
56 2.7433 9.0026 0.00 80.00 10.0
30 5.8070 8.0626 0.00 80.00 10.0
2 11.3379 11.2241 0.00 80.00 10.0
49 5.9578 15.4826 0.00 80.00 10.0
7 14.3554 4.1764 0.11 80.11 10.0
37 17.0919 6.2209 3.53 83.53 10.0
28 33.2454 25.7164 28.85 108.85 10.0
78 28.7260 34.6681 38.88 118.88 10.0
76 33.5971 45.3202 50.59 130.59 10.0
47 33.3790 51.0857 56.36 136.36 10.0
43 26.6751 54.0603 63.69 143.69 10.0
38 19.3884 60.4778 73.40 153.40 10.0
53 14.1834 61.0400 78.64 158.64 10.0
63 12.1754 57.7349 82.51 162.51 10.0
69 8.4632 60.6541 87.23 167.23 10.0
39 6.9316 66.6050 93.37 173.37 10.0
48 10.4676 68.0276 97.18 177.18 10.0
73 19.1320 66.0632 106.07 186.07 10.0
22 18.5083 75.3689 115.39 195.39 10.0
66 11.7113 82.1017 124.96 204.96 10.0
79 8.2344 84.2459 129.05 209.05 10.0
60 7.9522 83.8979 129.49 209.49 10.0
64 1.1691 74.0427 141.46 221.46 10.0
32 13.5594 94.9740 165.78 245.78 10.0
34 29.0452 97.2474 181.43 261.43 10.0
36 29.5620 94.6541 184.08 264.08 10.0
26 31.0631 93.2946 186.10 266.10 10.0
46 30.7025 89.3444 190.07 270.07 10.0
20 36.9691 86.1762 197.09 277.09 10.0
35 37.5747 80.8925 202.41 282.41 10.0
51 52.4165 79.8378 217.29 297.29 10.0
58 58.1767 76.1138 224.15 304.15 10.0
5 64.0006 68.7317 233.55 313.55 10.0
59 60.4890 64.9684 238.70 318.70 10.0
29 53.9459 59.2422 247.39 327.39 10.0
42 50.8234 52.9885 254.38 334.38 10.0
6 48.2830 54.6996 257.45 337.45 10.0
74 52.3994 46.8696 266.29 346.29 10.0
44 59.3534 49.8490 273.86 353.86 10.0
75 64.9218 41.0428 284.28 364.28 10.0
25 71.9309 44.4929 292.09 372.09 10.0
15 71.3705 52.5059 300.12 380.12 10.0
77 74.5124 60.8569 309.04 389.04 10.0
13 78.6049 63.1898 313.76 393.76 10.0
41 83.5923 68.3130 320.91 400.91 10.0
68 82.3961 73.5151 326.24 406.24 10.0
12 86.7782 78.0885 332.58 412.58 10.0
8 86.8416 80.1717 334.66 414.66 10.0
45 89.4162 78.6653 337.64 417.64 10.0
17 88.9065 71.4957 344.83 424.83 10.0
9 96.4829 74.0174 352.82 432.82 10.0
62 96.7522 73.1308 353.74 433.74 10.0
4 99.1445 67.8457 359.54 439.54 10.0
23 95.3053 61.3496 367.09 447.09 10.0
24 84.6109 57.2651 378.54 458.54 10.0
11 86.8965 52.9091 383.46 463.46 10.0
54 79.5199 48.7394 391.93 471.93 10.0
14 79.8415 42.8693 397.81 477.81 10.0
19 83.9705 41.0507 402.32 482.32 10.0
70 97.4498 36.5388 416.54 496.54 10.0
65 94.7805 22.9654 430.37 510.37 10.0
67 90.7420 24.2051 434.59 514.59 10.0
1 89.5902 19.6935 439.25 519.25 10.0
18 59.9095 23.3026 469.15 549.15 10.0
10 58.7265 16.5114 476.04 556.04 10.0
31 60.2710 2.5797 490.06 570.06 10.0
52 49.1190 3.4569 501.25 581.25 10.0
80 44.2491 13.9706 512.83 592.83 10.0
21 47.7403 69.7990 568.77 648.77 10.0
27 65.0081 92.5197 597.31 677.31 10.0
57 66.8187 94.2391 599.81 679.81 10.0
72 63.5792 96.3380 603.67 683.67 10.0
16 60.9366 97.3765 606.51 686.51 10.0
3 75.4304 85.8003 625.05 705.05 10.0
61 82.2572 85.4919 631.89 711.89 10.0
40 81.9820 80.6802 636.71 716.71 10.0
50 87.2624 92.0524 649.25 729.25 10.0
55 93.7010 91.6781 655.70 735.70 10.0
33 95.6241 90.0629 658.21 738.21 10.0