42 1.1957 2.7487 0.00 80.00 10.0
59 15.4173 12.5993 0.00 80.00 10.0
72 19.0874 21.5331 0.00 80.00 10.0
10 15.9820 22.5013 0.00 80.00 10.0
6 9.3356 21.3268 0.00 80.00 10.0
32 13.2565 32.0450 11.37 91.37 10.0
52 20.2818 36.6476 19.77 99.77 10.0
71 26.2809 39.2708 26.32 106.32 10.0
74 31.1002 28.1259 38.46 118.46 10.0
46 34.9739 29.5242 42.58 122.58 10.0
20 36.9085 25.2012 47.31 127.31 10.0
80 33.8629 22.3003 51.52 131.52 10.0
47 32.4170 11.4666 62.45 142.45 10.0
24 23.6967 2.7667 74.77 154.77 10.0
76 47.4381 3.3712 98.52 178.52 10.0
58 50.2589 0.1659 102.79 182.79 10.0
13 45.7569 12.9617 116.35 196.35 10.0
23 45.5195 20.0582 123.45 203.45 10.0
1 45.2066 23.3451 126.75 206.75 10.0
68 45.0423 24.9426 128.36 208.36 10.0
55 57.6292 22.2545 141.23 221.23 10.0
61 64.2627 14.6392 151.33 231.33 10.0
15 67.8632 16.5058 155.39 235.39 10.0
49 67.5670 9.6864 162.21 242.21 10.0
8 69.3017 9.8039 163.95 243.95 10.0
62 71.7022 8.3801 166.74 246.74 10.0
56 73.3133 7.8641 168.43 248.43 10.0
7 75.9322 2.8700 174.07 254.07 10.0
75 89.1344 7.2592 187.98 267.98 10.0
50 92.8497 3.9365 192.97 272.97 10.0
51 92.4914 23.1129 212.15 292.15 10.0
43 99.5750 31.0954 222.82 302.82 10.0
2 92.1433 34.8632 231.15 311.15 10.0
34 85.9596 37.3882 237.83 317.83 10.0
18 86.4452 49.1160 249.57 329.57 10.0
17 91.9907 47.8068 255.27 335.27 10.0
39 81.6412 63.9114 274.41 354.41 10.0
21 90.3130 73.3102 287.20 367.20 10.0
54 96.7176 75.1046 293.85 373.85 10.0
25 94.1743 87.9793 306.97 386.97 10.0
73 72.4997 97.9297 330.82 410.82 10.0
36 62.3001 94.3883 341.62 421.62 10.0
48 59.3123 86.9122 349.67 429.67 10.0
69 57.0445 78.1713 358.70 438.70 10.0
53 56.4324 77.4140 359.68 439.68 10.0
77 59.9857 75.2779 363.82 443.82 10.0
9 57.0444 72.6050 367.80 447.80 10.0
35 62.6080 66.4523 376.09 456.09 10.0
63 53.8209 63.5810 385.34 465.34 10.0
14 53.2296 64.5345 386.46 466.46 10.0
57 49.5243 55.0427 396.65 476.65 10.0
19 43.6218 60.2187 404.50 484.50 10.0
41 41.5450 64.5281 409.28 489.28 10.0
79 42.1331 70.7999 415.58 495.58 10.0
16 37.9718 77.0133 423.06 503.06 10.0
70 37.6101 77.3660 423.56 503.56 10.0
3 28.4063 78.4604 432.83 512.83 10.0
29 27.9550 70.3746 440.93 520.93 10.0
4 26.7025 62.8437 448.57 528.57 10.0
44 21.6199 64.8899 454.04 534.04 10.0
67 18.2110 52.4768 466.92 546.92 10.0
45 8.7218 52.7820 476.41 556.41 10.0
30 7.6860 50.8677 478.59 558.59 10.0
26 2.1517 72.7449 501.15 581.15 10.0
28 3.9971 86.0733 514.61 594.61 10.0
37 2.4648 89.4214 518.29 598.29 10.0
65 36.7756 97.5646 553.56 633.56 10.0
5 46.3146 93.4202 563.96 643.96 10.0
11 66.2169 80.3106 587.79 667.79 10.0
78 65.0855 54.1849 613.94 693.94 10.0
40 60.2796 53.9784 618.75 698.75 10.0
27 57.7692 54.5482 621.32 701.32 10.0
66 56.3324 44.4385 631.53 711.53 10.0
60 55.3420 41.2978 634.83 714.83 10.0
33 58.9456 39.4985 638.85 718.85 10.0
22 69.7173 42.2767 649.98 729.98 10.0
31 73.8073 26.0596 666.70 746.70 10.0
64 75.9965 25.1434 669.08 749.08 10.0
38 76.3252 25.2109 669.41 749.41 10.0
12 75.8734 23.4702 671.21 751.21 10.0