9 1.5195 4.6731 0.00 80.00 10.0
70 5.4676 8.1028 0.00 80.00 10.0
58 7.5057 8.1322 0.00 80.00 10.0
34 18.3333 14.4326 0.00 80.00 10.0
50 25.4003 21.1254 0.00 80.00 10.0
80 26.2628 25.6158 0.00 80.00 10.0
51 31.9864 25.1488 4.76 84.76 10.0
43 40.7411 21.3169 14.31 94.31 10.0
53 44.8145 16.5600 20.58 100.58 10.0
49 40.5547 12.5483 26.43 106.43 10.0
19 41.4535 6.9738 32.07 112.07 10.0
4 51.9395 9.2103 42.80 122.80 10.0
36 52.3942 23.2841 56.88 136.88 10.0
16 69.8880 29.2834 75.37 155.37 10.0
35 71.2921 26.0300 78.92 158.92 10.0
24 85.1611 22.6848 93.18 173.18 10.0
76 89.1375 27.4437 99.38 179.38 10.0
73 94.2044 38.3530 111.41 191.41 10.0
41 88.5165 48.4103 122.97 202.97 10.0
56 90.1663 53.8596 128.66 208.66 10.0
13 81.4740 60.7447 139.75 219.75 10.0
18 82.5887 62.8441 142.13 222.13 10.0
57 88.1097 73.6568 154.27 234.27 10.0
63 81.4167 76.8955 161.70 241.70 10.0
64 80.4283 81.6287 166.54 246.54 10.0
31 75.7359 81.4013 171.23 251.23 10.0
68 73.4119 82.0903 173.66 253.66 10.0
25 74.7018 74.8367 181.03 261.03 10.0
62 70.0695 69.2161 188.31 268.31 10.0
10 64.3530 57.4555 201.39 281.39 10.0
52 61.7051 52.0437 207.41 287.41 10.0
79 57.5386 52.7679 211.64 291.64 10.0
77 57.0272 55.9141 214.83 294.83 10.0
28 53.9782 62.4551 222.04 302.04 10.0
69 49.2858 68.3960 229.61 309.61 10.0
48 39.4850 71.0394 239.77 319.77 10.0
72 33.6489 70.4937 245.63 325.63 10.0
20 26.3959 67.9947 253.30 333.30 10.0
26 27.2969 78.5178 263.86 343.86 10.0
22 32.1204 81.7887 269.69 349.69 10.0
14 32.5229 84.1611 272.09 352.09 10.0
21 35.6985 87.0297 276.37 356.37 10.0
15 40.4089 80.8541 284.14 364.14 10.0
12 38.2392 78.8367 287.10 367.10 10.0
47 53.1057 80.2464 302.04 382.04 10.0
65 50.8654 91.4919 313.50 393.50 10.0
17 54.5880 96.0493 319.39 399.39 10.0
40 57.6316 93.0230 323.68 403.68 10.0
71 60.5200 93.8642 326.69 406.69 10.0
5 64.5486 89.4741 332.65 412.65 10.0
11 72.6366 90.7976 340.84 420.84 10.0
59 72.4044 96.5211 346.57 426.57 10.0
7 69.9402 96.4741 349.04 429.04 10.0
8 91.9518 97.9092 371.09 451.09 10.0
60 93.5382 99.7896 373.55 453.55 10.0
32 71.4164 48.0349 429.84 509.84 10.0
29 56.0154 43.4835 445.90 525.90 10.0
45 49.4285 52.9549 457.43 537.43 10.0
54 22.0912 51.8895 484.79 564.79 10.0
46 10.9372 52.5610 495.97 575.97 10.0
66 4.6105 46.9765 504.41 584.41 10.0
6 7.2432 62.4745 520.13 600.13 10.0
33 13.9786 65.5371 527.52 607.52 10.0
30 14.6237 70.4987 532.53 612.53 10.0
1 10.7944 74.7442 538.24 618.24 10.0
44 6.1765 77.6982 543.73 623.73 10.0
61 10.7788 83.3087 550.98 630.98 10.0
3 21.9645 81.7351 562.28 642.28 10.0
27 17.2979 36.0406 608.21 688.21 10.0
38 10.7696 28.4828 618.20 698.20 10.0
37 12.9257 22.9945 624.10 704.10 10.0
2 0.1315 30.1934 638.78 718.78 10.0
74 22.6597 4.0893 673.26 753.26 10.0
75 29.1012 5.6921 679.89 759.89 10.0
23 69.3539 6.9367 720.17 800.17 10.0
42 75.1485 0.0175 729.19 809.19 10.0
55 80.0446 7.9348 738.50 818.50 10.0
78 87.2099 13.9313 747.84 827.84 10.0
67 88.7733 13.2891 749.53 829.53 10.0
39 88.7926 0.3258 762.50 842.50 10.0