45 13.1794 6.6634 0.00 80.00 10.0
46 14.9553 0.0408 0.00 80.00 10.0
11 37.2090 7.6510 5.14 85.14 10.0
67 40.3476 6.5366 8.47 88.47 10.0
44 42.8998 8.1761 11.51 91.51 10.0
74 39.5254 22.8447 26.56 106.56 10.0
52 39.6908 28.2163 31.93 111.93 10.0
47 39.8714 30.4709 34.20 114.20 10.0
3 48.2520 30.8984 42.59 122.59 10.0
51 53.9038 33.7743 48.93 128.93 10.0
30 49.5064 38.9302 55.70 135.70 10.0
41 41.3793 40.7792 64.04 144.04 10.0
28 34.2924 38.1034 71.61 151.61 10.0
17 29.1511 29.8469 81.34 161.34 10.0
8 31.3461 18.7286 92.67 172.67 10.0
13 15.3362 27.0573 110.72 190.72 10.0
14 24.3119 42.2448 128.36 208.36 10.0
12 16.0920 49.2995 139.19 219.19 10.0
21 23.3860 56.6720 149.57 229.57 10.0
1 24.6482 58.1290 151.49 231.49 10.0
68 35.7212 60.1409 162.75 242.75 10.0
75 37.6082 61.6893 165.19 245.19 10.0
42 44.5983 76.6689 181.72 261.72 10.0
26 49.6946 79.8028 187.70 267.70 10.0
22 60.9135 78.4803 199.00 279.00 10.0
25 68.2504 79.9277 206.48 286.48 10.0
37 67.0281 87.8515 214.49 294.49 10.0
19 73.2412 88.8872 220.79 300.79 10.0
18 77.8878 84.2702 227.34 307.34 10.0
54 86.7396 86.2912 236.42 316.42 10.0
39 86.5067 91.5729 241.71 321.71 10.0
40 89.7484 92.9793 245.24 325.24 10.0
38 91.8024 92.0818 247.48 327.48 10.0
32 93.6543 96.2098 252.01 332.01 10.0
79 96.8620 96.4929 255.23 335.23 10.0
69 83.0357 97.0538 269.07 349.07 10.0
23 90.6218 79.7802 287.93 367.93 10.0
60 91.9667 78.1961 290.01 370.01 10.0
78 82.0528 74.2536 300.68 380.68 10.0
31 73.8225 68.4743 310.74 390.74 10.0
6 59.4398 70.8772 325.32 405.32 10.0
29 61.2467 56.6070 339.70 419.70 10.0
70 62.1834 44.4138 351.93 431.93 10.0
16 61.3023 40.0049 356.43 436.43 10.0
63 66.9432 30.5019 367.48 447.48 10.0
80 64.8108 25.9533 372.50 452.50 10.0
35 61.7897 25.7004 375.53 455.53 10.0
77 58.2318 21.8373 380.79 460.79 10.0
66 70.0493 24.0287 392.81 472.81 10.0
5 75.4330 25.0115 398.28 478.28 10.0
20 72.8373 29.8614 403.78 483.78 10.0
72 81.1443 35.5478 413.85 493.85 10.0
62 87.7914 25.4294 425.95 505.95 10.0
15 85.5720 23.5477 428.86 508.86 10.0
73 88.9203 19.4542 434.15 514.15 10.0
48 94.9378 15.3916 441.41 521.41 10.0
76 93.4961 3.9353 452.96 532.96 10.0
10 73.4528 13.9582 475.37 555.37 10.0
7 90.6779 28.0348 497.61 577.61 10.0
59 91.2533 42.5437 512.13 592.13 10.0
50 92.1780 51.2199 520.86 600.86 10.0
27 87.5290 51.2295 525.51 605.51 10.0
71 87.5961 58.3031 532.58 612.58 10.0
2 97.2281 65.7793 544.77 624.77 10.0
43 97.7985 67.1717 546.28 626.28 10.0
24 97.6023 67.4209 546.60 626.60 10.0
34 74.2993 53.6044 573.69 653.69 10.0
9 58.9770 92.1982 615.21 695.21 10.0
36 38.5387 86.0891 636.54 716.54 10.0
61 17.7703 85.9586 657.31 737.31 10.0
65 13.5513 81.6181 663.36 743.36 10.0
49 9.2630 89.8589 672.65 752.65 10.0
53 10.2008 97.6581 680.51 760.51 10.0
4 13.7817 99.8740 684.72 764.72 10.0
58 15.9049 97.8783 687.63 767.63 10.0
56 6.0694 71.5148 715.77 795.77 10.0
57 6.9919 60.9019 726.43 806.43 10.0
55 14.8079 63.6905 734.72 814.72 10.0
64 2.6541 45.8906 756.28 836.28 10.0
33 1.3523 40.0444 762.27 842.27 10.0