9 32.1893 5.7064 0.00 80.00 10.0
13 49.1376 7.9161 9.78 89.78 10.0
14 46.2351 20.7750 22.97 102.97 10.0
15 40.5213 26.5617 31.10 111.10 10.0
17 40.4264 42.2529 46.79 126.79 10.0
4 48.0718 48.3835 56.59 136.59 10.0
10 55.5027 51.8101 64.77 144.77 10.0
7 57.2884 45.1952 71.62 151.62 10.0
18 63.1296 39.6278 79.69 159.69 10.0
12 68.3670 36.4013 85.84 165.84 10.0
16 70.8880 37.4263 88.57 168.57 10.0
11 82.8464 43.9145 102.17 182.17 10.0
1 82.1358 59.9805 118.25 198.25 10.0
19 76.0186 69.9869 129.98 209.98 10.0
3 64.6266 73.7624 141.98 221.98 10.0
6 58.3545 86.5305 156.21 236.21 10.0
8 31.5172 75.9392 185.06 265.06 10.0
20 33.8426 57.1178 204.02 284.02 10.0
5 24.5949 40.7850 222.79 302.79 10.0
2 72.2134 0.8730 284.93 364.93 10.0