4 8.0912 21.4828 0.00 80.00 10.0
8 10.2156 32.2799 0.00 80.00 10.0
6 19.0671 19.0103 9.91 89.91 10.0
3 27.6563 19.5882 18.52 98.52 10.0
13 44.7947 34.5676 41.28 121.28 10.0
16 75.9095 48.9934 75.58 155.58 10.0
2 88.0441 38.5092 91.61 171.61 10.0
9 98.8623 39.0535 102.45 182.45 10.0
15 94.2587 20.1560 121.90 201.90 10.0
19 88.4685 11.1538 132.60 212.60 10.0
11 64.7097 5.5329 157.01 237.01 10.0
10 62.7635 69.1491 220.66 300.66 10.0
12 72.2952 81.3606 236.15 316.15 10.0
14 72.2733 98.9243 253.72 333.72 10.0
7 92.7905 91.7150 275.46 355.46 10.0
17 98.7051 97.0553 283.43 363.43 10.0
18 48.3959 90.1836 334.21 414.21 10.0
20 40.5990 94.6701 343.20 423.20 10.0
5 20.2011 85.3840 365.62 445.62 10.0
1 13.0520 81.5634 373.72 453.72 10.0