4 3.1590 16.5475 0.00 80.00 10.0
9 14.1797 19.1227 0.00 80.00 10.0
8 10.1314 31.6051 1.29 81.29 10.0
6 2.1755 47.3828 18.96 98.96 10.0
11 29.5342 39.8658 47.33 127.33 10.0
7 42.5574 22.9207 68.70 148.70 10.0
17 44.5289 13.1966 78.62 158.62 10.0
15 56.8450 47.9210 115.47 195.47 10.0
13 51.3059 66.2157 134.58 214.58 10.0
18 53.3203 79.1452 147.67 227.67 10.0
20 51.2523 80.0952 149.94 229.94 10.0
3 41.6189 78.7536 159.67 239.67 10.0
2 17.7079 96.5490 189.48 269.48 10.0
12 10.6053 90.0117 199.13 279.13 10.0
16 76.8662 60.6798 271.59 351.59 10.0
1 96.0781 54.8255 291.68 371.68 10.0
19 94.8082 45.5194 301.07 381.07 10.0
10 86.3978 35.6434 314.04 394.04 10.0
14 98.8505 11.2075 341.47 421.47 10.0
5 96.8046 81.5527 411.84 491.84 10.0