7 7.0355 19.3287 0.00 80.00 10.0
4 21.4523 22.1696 0.00 80.00 10.0
11 40.3894 20.8268 14.25 94.25 10.0
12 43.0154 30.4290 24.20 104.20 10.0
19 53.5084 34.5514 35.48 115.48 10.0
1 58.1152 19.4754 51.24 131.24 10.0
16 37.9278 42.2967 81.71 161.71 10.0
9 36.6515 47.1682 86.75 166.75 10.0
10 32.6028 63.7427 103.81 183.81 10.0
5 28.8522 69.2423 110.46 190.46 10.0
17 40.4554 66.8935 122.30 202.30 10.0
3 46.7139 66.3471 128.58 208.58 10.0
14 68.0147 66.4791 149.89 229.89 10.0
15 88.2447 39.4643 183.64 263.64 10.0
2 96.5251 92.3976 237.21 317.21 10.0
6 21.2377 97.1106 312.65 392.65 10.0
13 11.0799 82.3391 330.57 410.57 10.0
8 8.8864 76.9892 336.36 416.36 10.0
20 2.1866 70.4595 345.71 425.71 10.0
18 0.6519 46.4105 369.81 449.81 10.0