16 25.2272 41.4794 8.55 88.55 10.0
11 40.9579 46.6349 25.10 105.10 10.0
9 39.1142 32.2324 39.62 119.62 10.0
12 53.6330 25.8344 55.49 135.49 10.0
2 73.1905 22.7622 75.29 155.29 10.0
19 84.0742 4.0966 96.89 176.89 10.0
4 80.6709 1.6723 101.07 181.07 10.0
18 99.1558 19.9963 127.10 207.10 10.0
17 92.3398 34.9893 143.57 223.57 10.0
8 86.2274 58.1520 167.52 247.52 10.0
10 62.1426 62.8313 192.06 272.06 10.0
20 66.7578 80.5547 210.37 290.37 10.0
15 80.1796 82.8068 223.98 303.98 10.0
1 95.9961 87.1864 240.40 320.40 10.0
3 33.0642 71.3811 305.28 385.28 10.0
7 32.9704 64.5502 312.11 392.11 10.0
13 17.9711 56.8581 328.97 408.97 10.0
14 10.0278 59.7774 337.43 417.43 10.0
6 11.8117 65.5329 343.46 423.46 10.0
5 16.6694 89.5405 367.95 447.95 10.0