34 8.9230 24.9705 0.00 80.00 10.0
1 27.9583 45.9279 14.83 94.83 10.0
17 39.6753 38.9047 28.49 108.49 10.0
40 44.6624 22.8479 45.30 125.30 10.0
15 42.3711 15.3337 53.16 133.16 10.0
9 51.6367 6.5656 65.92 145.92 10.0
2 54.7231 10.1501 70.65 150.65 10.0
31 57.8687 20.0216 81.01 161.01 10.0
33 60.5114 33.8388 95.07 175.07 10.0
14 66.5668 44.5585 107.39 187.39 10.0
25 78.2594 41.8458 119.39 199.39 10.0
5 78.9930 45.0981 122.72 202.72 10.0
30 85.4681 41.7649 130.01 210.01 10.0
27 75.6711 36.0913 141.33 221.33 10.0
20 78.4007 52.6103 158.07 238.07 10.0
8 88.3533 54.8094 168.26 248.26 10.0
19 91.4167 68.9876 182.77 262.77 10.0
32 81.3274 69.8512 192.89 272.89 10.0
11 72.8741 62.2350 204.27 284.27 10.0
21 64.8706 79.5851 223.38 303.38 10.0
36 57.6421 85.4123 232.66 312.66 10.0
26 47.8965 78.0465 244.88 324.88 10.0
39 42.7376 83.1792 252.16 332.16 10.0
3 50.2215 95.6370 266.69 346.69 10.0
18 48.4061 98.3206 269.93 349.93 10.0
24 67.1892 93.1561 289.41 369.41 10.0
29 49.4542 66.8335 321.15 401.15 10.0
23 46.5310 58.6088 329.88 409.88 10.0
28 39.6599 61.1682 337.21 417.21 10.0
4 56.2681 51.8873 356.24 436.24 10.0
35 26.2425 76.8231 395.27 475.27 10.0
6 27.5188 83.8967 402.45 482.45 10.0
7 16.7088 88.9252 414.38 494.38 10.0
10 17.3284 77.2459 426.07 506.07 10.0
38 15.3528 72.4552 431.25 511.25 10.0
12 13.7313 72.4185 432.88 512.88 10.0
16 4.0884 96.7826 459.08 539.08 10.0
13 98.9278 87.1973 554.40 634.40 10.0
37 92.9880 26.8596 615.03 695.03 10.0
22 66.4640 4.8989 649.47 729.47 10.0