3 2.4474 32.0827 0.00 80.00 10.0
8 5.9877 31.7398 0.00 80.00 10.0
11 18.6103 32.2848 8.37 88.37 10.0
15 20.4725 43.8554 20.09 100.09 10.0
10 27.7268 39.9718 28.31 108.31 10.0
20 29.3854 21.9516 46.41 126.41 10.0
24 39.6329 22.9303 56.71 136.71 10.0
17 54.1565 31.0693 73.35 153.35 10.0
16 60.7206 45.8426 89.52 169.52 10.0
6 46.9669 51.1190 104.25 184.25 10.0
9 44.4423 60.7309 114.19 194.19 10.0
23 52.4723 76.0728 131.51 211.51 10.0
27 40.8612 80.3311 143.87 223.87 10.0
32 56.2830 96.7235 166.38 246.38 10.0
38 61.3168 93.9334 172.13 252.13 10.0
29 74.1621 75.8250 194.34 274.34 10.0
4 79.4142 68.6634 203.22 283.22 10.0
22 88.5762 58.8583 216.64 296.64 10.0
26 91.3316 59.5820 219.49 299.49 10.0
14 99.4939 57.2001 227.99 307.99 10.0
30 93.4534 47.1202 239.74 319.74 10.0
40 88.7893 24.9820 262.36 342.36 10.0
35 96.9566 20.2727 271.79 351.79 10.0
36 88.8583 6.8841 287.44 367.44 10.0
2 91.1701 0.1682 294.54 374.54 10.0
19 67.7907 14.3530 321.89 401.89 10.0
12 51.2790 3.7852 341.49 421.49 10.0
18 71.9246 34.4410 378.45 458.45 10.0
31 63.7033 65.0795 410.17 490.17 10.0
28 64.6726 70.8536 416.03 496.03 10.0
1 87.0476 80.6074 440.44 520.44 10.0
13 89.4189 85.9359 446.27 526.27 10.0
5 92.3806 90.1163 451.39 531.39 10.0
39 97.5259 77.5229 465.00 545.00 10.0
33 24.0064 60.0657 540.56 620.56 10.0
21 22.5260 58.3383 542.83 622.83 10.0
7 11.2423 83.0734 570.02 650.02 10.0
37 23.1797 95.6726 587.38 667.38 10.0
25 22.5615 96.7448 588.62 668.62 10.0
34 4.1777 99.3652 607.19 687.19 10.0