25 7.7152 15.2480 0.00 80.00 10.0
14 19.2424 17.4765 0.00 80.00 10.0
19 23.5012 21.1106 0.00 80.00 10.0
33 25.6666 14.7809 1.12 81.12 10.0
17 39.4104 5.5050 17.70 97.70 10.0
5 46.5608 13.4185 28.36 108.36 10.0
39 46.3845 18.0972 33.05 113.05 10.0
28 63.4806 12.3622 51.08 131.08 10.0
3 80.9916 8.8802 68.93 148.93 10.0
37 91.3077 1.3127 81.73 161.73 10.0
20 88.3985 49.7397 130.24 210.24 10.0
35 65.5159 53.5351 153.44 233.44 10.0
26 61.8951 54.7593 157.26 237.26 10.0
27 54.2699 51.3325 165.62 245.62 10.0
1 44.8267 45.4395 176.75 256.75 10.0
6 41.9541 46.7823 179.92 259.92 10.0
23 37.8167 43.4274 185.25 265.25 10.0
21 31.5524 39.9979 192.39 272.39 10.0
9 25.9456 39.8764 198.00 278.00 10.0
24 15.1151 44.3267 209.71 289.71 10.0
30 6.0271 47.5507 219.35 299.35 10.0
36 4.4379 43.4424 223.75 303.75 10.0
10 8.4980 34.6841 233.41 313.41 10.0
40 9.4019 54.2493 252.99 332.99 10.0
32 4.2561 62.7336 262.92 342.92 10.0
22 19.7554 64.6236 278.53 358.53 10.0
34 21.4119 55.2046 288.09 368.09 10.0
18 27.1043 54.0027 293.91 373.91 10.0
4 40.9614 58.7649 308.56 388.56 10.0
13 44.0911 73.2413 323.38 403.38 10.0
15 39.5657 81.2927 332.61 412.61 10.0
16 25.8569 74.3432 347.98 427.98 10.0
8 25.6460 74.2881 348.20 428.20 10.0
12 59.7170 76.8927 382.37 462.37 10.0
11 62.3160 71.3310 388.51 468.51 10.0
31 79.4973 81.2252 408.33 488.33 10.0
7 92.7294 89.2288 423.80 503.80 10.0
29 94.4755 87.8096 426.05 506.05 10.0
2 94.4846 72.1975 441.66 521.66 10.0
38 36.2684 34.2893 511.13 591.13 10.0