2 4.5817 22.6079 0.00 80.00 10.0
35 2.2793 33.1208 0.00 80.00 10.0
22 10.5418 43.9405 7.44 87.44 10.0
27 2.4562 49.2639 17.12 97.12 10.0
13 19.5433 63.6393 39.45 119.45 10.0
3 24.4520 73.3092 50.30 130.30 10.0
30 44.3504 79.5682 71.16 151.16 10.0
16 51.0547 94.9772 87.96 167.96 10.0
32 49.1001 96.8491 90.67 170.67 10.0
36 40.8452 99.6379 99.38 179.38 10.0
7 60.7407 95.8797 119.63 199.63 10.0
9 86.4778 96.9179 145.39 225.39 10.0
1 90.6371 85.1400 157.88 237.88 10.0
19 93.1675 71.7986 171.46 251.46 10.0
14 84.7830 59.7959 186.10 266.10 10.0
17 77.6771 57.2951 193.63 273.63 10.0
5 76.1955 58.6487 195.64 275.64 10.0
15 77.4302 68.8434 205.91 285.91 10.0
31 91.9931 54.1188 226.62 306.62 10.0
40 98.1117 57.4612 233.59 313.59 10.0
39 70.3961 30.1376 272.51 352.51 10.0
12 60.9015 32.0880 282.20 362.20 10.0
38 62.3392 19.8565 294.52 374.52 10.0
8 63.7365 11.3422 303.15 383.15 10.0
26 67.0457 3.8086 311.37 391.37 10.0
25 57.2072 1.9516 321.39 401.39 10.0
21 50.3924 7.4248 330.13 410.13 10.0
37 52.4741 11.6215 334.81 414.81 10.0
11 42.7100 9.3407 344.84 424.84 10.0
20 34.4111 13.2214 354.00 434.00 10.0
18 35.4534 26.4107 367.23 447.23 10.0
10 29.0606 46.2846 388.11 468.11 10.0
4 49.4945 57.2036 411.28 491.28 10.0
28 51.5992 54.8553 414.43 494.43 10.0
29 78.2803 21.3664 457.25 537.25 10.0
34 81.0213 22.3708 460.17 540.17 10.0
6 84.1219 9.9918 472.93 552.93 10.0
33 0.1391 72.9281 577.88 657.88 10.0
23 2.0774 83.1029 588.23 668.23 10.0
24 15.8147 94.4665 606.06 686.06 10.0