14 17.2697 11.2431 0.00 80.00 10.0
1 24.0103 16.4402 0.00 80.00 10.0
23 32.7376 25.8445 1.95 81.95 10.0
18 26.0949 30.8175 10.25 90.25 10.0
17 33.2945 40.8634 22.61 102.61 10.0
8 38.6116 42.2794 28.11 108.11 10.0
30 50.4171 38.9767 40.37 120.37 10.0
12 48.3447 55.0382 56.56 136.56 10.0
4 52.7242 56.6254 61.22 141.22 10.0
10 63.9542 59.2362 72.75 152.75 10.0
40 56.5511 69.0916 85.08 165.08 10.0
39 46.3276 69.6958 95.32 175.32 10.0
37 44.9418 80.2573 105.97 185.97 10.0
27 44.4682 81.5798 107.37 187.37 10.0
5 34.8824 81.0556 116.97 196.97 10.0
35 33.8839 62.5430 135.51 215.51 10.0
33 11.4439 44.6469 164.22 244.22 10.0
31 11.5468 29.3976 179.47 259.47 10.0
21 0.6870 28.5714 190.36 270.36 10.0
16 2.1654 21.0039 198.07 278.07 10.0
2 39.9848 15.8655 236.23 316.23 10.0
7 43.4361 16.4027 239.73 319.73 10.0
3 40.6657 11.7346 245.16 325.16 10.0
29 89.8228 28.3978 297.06 377.06 10.0
32 97.7541 37.8943 309.43 389.43 10.0
22 89.2682 59.1280 332.30 412.30 10.0
15 90.3606 62.2529 335.61 415.61 10.0
38 90.9497 70.9699 344.35 424.35 10.0
26 73.9039 75.1122 361.89 441.89 10.0
25 64.6914 75.7603 371.12 451.12 10.0
34 62.5813 81.4793 377.22 457.22 10.0
11 63.6258 90.5676 386.37 466.37 10.0
28 64.0049 91.9021 387.75 467.75 10.0
20 70.1671 93.8694 394.22 474.22 10.0
19 55.5774 91.6197 408.99 488.99 10.0
36 26.0129 98.2678 439.29 519.29 10.0
6 3.1865 97.5380 462.13 542.13 10.0
9 0.6964 70.3184 489.46 569.46 10.0
24 84.8330 99.5962 578.54 658.54 10.0
13 94.1052 88.6446 592.89 672.89 10.0