46 5.5719 0.9015 0.00 80.00 10.0
19 7.8999 0.7216 0.00 80.00 10.0
48 3.2764 12.5469 0.00 80.00 10.0
16 8.6119 19.0275 0.00 80.00 10.0
27 12.1470 17.8131 0.00 80.00 10.0
22 21.8364 17.9400 2.50 82.50 10.0
9 20.9214 13.2070 7.32 87.32 10.0
35 22.0588 12.0011 8.98 88.98 10.0
50 42.1553 6.8246 29.73 109.73 10.0
45 46.4250 14.9516 38.91 118.91 10.0
8 51.3973 0.5703 54.13 134.13 10.0
43 69.8878 5.2120 73.19 153.19 10.0
36 82.7796 5.9074 86.10 166.10 10.0
58 89.2152 2.0540 93.60 173.60 10.0
30 87.0789 15.9247 107.64 187.64 10.0
23 78.1177 27.6773 122.42 202.42 10.0
3 76.8057 30.3759 125.42 205.42 10.0
55 86.5152 36.4491 136.87 216.87 10.0
15 76.4555 45.4987 150.40 230.40 10.0
28 86.2011 51.7288 161.97 241.97 10.0
4 88.5803 60.7811 171.33 251.33 10.0
26 86.4318 64.9116 175.98 255.98 10.0
17 85.6907 66.8774 178.08 258.08 10.0
7 81.3098 68.5333 182.77 262.77 10.0
47 77.1352 64.0661 188.88 268.88 10.0
59 68.1709 69.1723 199.20 279.20 10.0
54 57.9942 60.7687 212.40 292.40 10.0
5 50.7825 60.8182 219.61 299.61 10.0
39 44.5765 65.6840 227.49 307.49 10.0
53 38.3156 64.7516 233.82 313.82 10.0
60 38.9409 62.5123 236.15 316.15 10.0
33 41.3824 74.5966 248.48 328.48 10.0
11 37.7165 75.5021 252.25 332.25 10.0
21 36.0962 79.5876 256.65 336.65 10.0
25 51.5069 76.9673 272.28 352.28 10.0
14 64.2633 87.6407 288.91 368.91 10.0
31 57.6138 95.6352 299.31 379.31 10.0
52 56.0237 97.4873 301.75 381.75 10.0
51 49.2890 97.7155 308.49 388.49 10.0
38 16.3005 96.7247 341.49 421.49 10.0
37 11.1254 86.7762 352.71 432.71 10.0
24 8.1276 86.7993 355.71 435.71 10.0
12 6.4445 84.8137 358.31 438.31 10.0
13 6.1977 82.2123 360.92 440.92 10.0
18 0.1044 77.0899 368.88 448.88 10.0
32 12.9232 75.7565 381.77 461.77 10.0
29 19.9201 75.3728 388.78 468.78 10.0
49 18.6888 71.6930 392.66 472.66 10.0
56 11.1066 52.8997 412.92 492.92 10.0
34 9.8724 53.2416 414.20 494.20 10.0
42 18.5368 38.7878 431.06 511.06 10.0
2 9.9016 36.2273 440.06 520.06 10.0
44 0.7151 28.7464 451.91 531.91 10.0
41 35.2621 33.3211 486.76 566.76 10.0
57 52.0766 39.3689 504.63 584.63 10.0
6 56.9301 51.6865 517.87 597.87 10.0
40 62.5039 29.8615 540.39 620.39 10.0
1 71.0982 18.2539 554.84 634.84 10.0
20 90.1216 91.4697 630.48 710.48 10.0
10 87.8378 95.8811 635.45 715.45 10.0