19 4.2055 26.5954 0.00 80.00 10.0
46 4.6885 42.7581 3.10 83.10 10.0
8 7.4689 47.3975 8.50 88.50 10.0
43 7.3462 49.3158 10.43 90.43 10.0
17 16.4964 38.1074 24.90 104.90 10.0
34 22.0573 41.4774 31.40 111.40 10.0
38 21.1897 44.2629 34.32 114.32 10.0
39 27.1596 40.3531 41.45 121.45 10.0
25 24.1395 32.1948 50.15 130.15 10.0
54 23.5534 19.8360 62.52 142.52 10.0
48 33.7054 23.0541 73.17 153.17 10.0
13 40.2173 20.9653 80.01 160.01 10.0
53 39.1185 12.8323 88.22 168.22 10.0
29 55.3495 2.1065 107.67 187.67 10.0
41 60.2196 13.3877 119.96 199.96 10.0
49 67.0100 13.9845 126.78 206.78 10.0
59 69.2463 5.3922 135.66 215.66 10.0
36 89.0737 12.5950 156.75 236.75 10.0
26 97.0047 14.5790 164.93 244.93 10.0
47 84.1938 35.6195 189.56 269.56 10.0
45 71.3723 39.0213 202.83 282.83 10.0
3 63.6863 47.9932 214.64 294.64 10.0
15 53.3177 41.6282 226.81 306.81 10.0
42 57.0560 32.8398 236.36 316.36 10.0
24 50.9764 51.1529 255.65 335.65 10.0
1 51.8210 55.0333 259.62 339.62 10.0
7 47.8437 62.1721 267.80 347.80 10.0
40 35.7398 59.8453 280.12 360.12 10.0
31 36.4581 54.6615 285.35 365.35 10.0
52 40.5096 49.9663 291.56 371.56 10.0
21 22.0563 58.8795 312.05 392.05 10.0
30 17.7737 71.2494 325.14 405.14 10.0
6 4.9148 71.0852 338.00 418.00 10.0
2 22.9561 89.9471 364.10 444.10 10.0
58 39.8490 99.4837 383.50 463.50 10.0
11 52.6185 98.6168 396.30 476.30 10.0
27 55.1606 92.9164 402.54 482.54 10.0
28 60.2241 96.9607 409.02 489.02 10.0
37 64.1233 94.4866 413.64 493.64 10.0
60 64.8860 94.6103 414.41 494.41 10.0
51 69.7467 90.1273 421.02 501.02 10.0
9 79.0109 89.1552 430.34 510.34 10.0
23 79.1295 85.9682 433.53 513.53 10.0
57 80.3886 79.3400 440.27 520.27 10.0
10 83.0785 78.0642 443.25 523.25 10.0
4 75.4465 70.0998 454.28 534.28 10.0
18 77.6037 66.1739 458.76 538.76 10.0
50 83.2016 62.0730 465.70 545.70 10.0
20 93.5637 59.8471 476.30 556.30 10.0
56 97.5777 49.2277 487.65 567.65 10.0
5 88.5098 48.7540 496.73 576.73 10.0
55 87.3412 90.3598 538.35 618.35 10.0
12 91.4265 90.4664 542.44 622.44 10.0
22 83.9134 95.5301 551.50 631.50 10.0
44 98.6534 96.8541 566.30 646.30 10.0
35 55.0830 81.1463 612.62 692.62 10.0
32 54.1316 82.6629 614.41 694.41 10.0
33 48.4898 82.5840 620.05 700.05 10.0
16 44.1108 81.3608 624.60 704.60 10.0
14 34.8362 69.7821 639.43 719.43 10.0