43 11.8858 15.0605 0.00 80.00 10.0
52 9.2878 17.0045 0.00 80.00 10.0
56 0.7614 27.6336 0.00 80.00 10.0
40 14.2928 47.9707 20.48 100.48 10.0
48 20.1529 46.5259 26.52 106.52 10.0
39 22.0813 41.4856 31.92 111.92 10.0
12 22.2025 53.0409 43.47 123.47 10.0
20 20.7362 58.8811 49.49 129.49 10.0
57 21.8913 64.9060 55.63 135.63 10.0
36 25.4723 68.4485 60.67 140.67 10.0
47 29.7118 74.3313 67.92 147.92 10.0
16 33.2981 68.7627 74.54 154.54 10.0
28 39.0732 74.3015 82.54 162.54 10.0
38 44.7832 66.2681 92.40 172.40 10.0
26 44.7134 62.5723 96.09 176.09 10.0
11 44.1732 50.1041 108.57 188.57 10.0
18 43.1053 39.8436 118.89 198.89 10.0
44 41.7699 31.7852 127.06 207.06 10.0
8 37.7120 22.6840 137.02 217.02 10.0
42 38.9155 15.0199 144.78 224.78 10.0
46 24.3237 18.8034 159.86 239.86 10.0
15 24.6440 9.2003 169.46 249.46 10.0
41 22.9914 8.0650 171.47 251.47 10.0
51 64.2369 22.6849 215.23 295.23 10.0
3 60.7832 38.4337 231.35 311.35 10.0
21 63.1398 43.2836 236.74 316.74 10.0
60 63.8087 47.4803 240.99 320.99 10.0
6 61.9658 51.9609 245.84 325.84 10.0
30 62.3082 53.3670 247.29 327.29 10.0
4 61.7498 56.6252 250.59 330.59 10.0
10 68.9786 60.9318 259.01 339.01 10.0
14 63.0167 67.0293 267.53 347.53 10.0
17 50.9914 74.7610 281.83 361.83 10.0
50 46.2351 84.2734 292.47 372.47 10.0
25 47.0134 94.7549 302.98 382.98 10.0
32 39.8437 93.7706 310.21 390.21 10.0
29 60.0292 91.4994 330.53 410.53 10.0
23 66.8679 88.8818 337.85 417.85 10.0
58 70.1919 92.1636 342.52 422.52 10.0
59 70.5150 95.9657 346.34 426.34 10.0
54 83.7482 96.7478 359.59 439.59 10.0
49 80.6680 82.9740 373.71 453.71 10.0
7 87.9462 73.5311 385.63 465.63 10.0
27 86.8480 68.3397 390.93 470.93 10.0
24 82.5056 63.9235 397.13 477.13 10.0
31 97.4014 52.7647 415.74 495.74 10.0
55 91.9344 46.9197 423.74 503.74 10.0
35 88.2732 38.4470 432.97 512.97 10.0
53 79.0137 38.9654 442.25 522.25 10.0
45 72.8301 41.4376 448.91 528.91 10.0
22 55.8061 44.0584 466.13 546.13 10.0
19 90.7574 16.7008 510.52 590.52 10.0
33 94.4072 17.2017 514.20 594.20 10.0
37 94.0111 21.3091 518.33 598.33 10.0
1 14.8171 61.5965 607.18 687.18 10.0
13 14.5352 62.1102 607.76 687.76 10.0
2 16.9686 71.2507 617.22 697.22 10.0
9 12.8049 81.0202 627.84 707.84 10.0
34 7.2420 85.8061 635.18 715.18 10.0
5 4.3222 53.0118 668.11 748.11 10.0