58 4.7760 0.0807 0.00 80.00 10.0
18 9.9140 7.9306 0.00 80.00 10.0
30 7.5138 13.4623 0.00 80.00 10.0
55 4.3439 17.5575 0.00 80.00 10.0
23 13.9586 29.9191 1.03 81.03 10.0
25 8.2144 33.9869 8.07 88.07 10.0
33 1.4158 35.5466 15.04 95.04 10.0
29 10.9041 42.3152 26.70 106.70 10.0
32 5.6390 48.6958 34.97 114.97 10.0
27 8.4816 56.6516 43.42 123.42 10.0
19 13.3269 66.1333 54.07 134.07 10.0
38 3.4585 78.1616 69.62 149.62 10.0
49 11.1232 83.6893 79.07 159.07 10.0
57 18.8633 84.7892 86.89 166.89 10.0
45 21.3797 80.1555 92.16 172.16 10.0
31 26.1729 90.3223 103.40 183.40 10.0
14 23.0904 95.0792 109.07 189.07 10.0
41 11.6188 98.8729 121.16 201.16 10.0
21 51.9284 96.2999 161.55 241.55 10.0
59 65.6484 89.4714 176.87 256.87 10.0
10 75.1612 97.0752 189.05 269.05 10.0
6 83.7248 89.7727 200.31 280.31 10.0
15 80.9971 86.5141 204.56 284.56 10.0
50 86.2083 81.9938 211.45 291.45 10.0
12 86.8982 74.9895 218.49 298.49 10.0
60 85.7798 64.0214 229.52 309.52 10.0
13 91.6849 62.1904 235.70 315.70 10.0
48 95.9410 58.0714 241.62 321.62 10.0
43 96.9583 65.1658 248.79 328.79 10.0
4 98.0818 67.4738 251.36 331.36 10.0
34 98.0275 84.1590 268.04 348.04 10.0
8 97.7686 89.4406 273.33 353.33 10.0
17 97.4448 92.5141 276.42 356.42 10.0
39 99.9263 96.1997 280.86 360.86 10.0
52 60.5373 71.6727 327.26 407.26 10.0
51 44.0187 60.4751 347.22 427.22 10.0
36 26.3444 54.3287 365.93 445.93 10.0
11 30.1437 36.9585 383.71 463.71 10.0
54 33.6810 35.5652 387.52 467.52 10.0
16 33.4552 30.3257 392.76 472.76 10.0
24 33.3417 20.9394 402.15 482.15 10.0
20 25.0867 16.7551 411.40 491.40 10.0
26 21.8392 20.6176 416.45 496.45 10.0
1 24.0936 9.7887 427.51 507.51 10.0
5 29.4166 6.3648 433.84 513.84 10.0
7 33.7766 10.6308 439.94 519.94 10.0
53 41.5789 12.0361 447.87 527.87 10.0
9 46.2469 11.0479 452.64 532.64 10.0
22 47.9478 8.2317 455.93 535.93 10.0
42 43.7586 6.9754 460.30 540.30 10.0
37 43.8985 26.4252 479.75 559.75 10.0
35 46.9472 26.3912 482.80 562.80 10.0
40 50.7366 40.1132 497.04 577.04 10.0
56 66.9710 51.6814 516.97 596.97 10.0
46 74.5227 51.0609 524.55 604.55 10.0
44 74.2756 53.7014 527.20 607.20 10.0
28 75.6703 35.2008 545.75 625.75 10.0
2 66.5926 24.3474 559.90 639.90 10.0
3 62.4265 15.3539 569.81 649.81 10.0
47 94.0472 17.8986 601.54 681.54 10.0