14 10.7792 9.9298 0.00 80.00 10.0
4 16.9629 19.3612 0.00 80.00 10.0
45 12.1497 25.7015 0.00 80.00 10.0
49 5.0874 20.2410 2.82 82.82 10.0
70 0.7382 17.7153 7.85 87.85 10.0
76 1.7956 27.1643 17.36 97.36 10.0
52 4.7215 36.0223 26.69 106.69 10.0
38 5.7491 36.2968 27.75 107.75 10.0
64 19.3063 48.4018 45.93 125.93 10.0
36 14.3533 57.7798 56.53 136.53 10.0
18 2.2239 62.6964 69.62 149.62 10.0
30 15.6002 76.4164 88.78 168.78 10.0
24 15.5756 77.0418 89.41 169.41 10.0
47 13.3132 84.0465 96.77 176.77 10.0
60 9.5469 82.9452 100.69 180.69 10.0
46 11.7987 94.0961 112.07 192.07 10.0
25 16.8542 96.8045 117.80 197.80 10.0
16 23.7882 95.1119 124.94 204.94 10.0
8 22.0789 71.6191 148.50 228.50 10.0
41 36.3062 71.8559 162.73 242.73 10.0
31 38.8812 68.7329 166.77 246.77 10.0
3 39.7587 61.7165 173.84 253.84 10.0
59 32.3312 59.2432 181.67 261.67 10.0
21 48.2836 48.9771 200.64 280.64 10.0
61 53.2036 59.3288 212.10 292.10 10.0
67 55.1000 60.0030 214.12 294.12 10.0
54 64.0504 57.7303 223.35 303.35 10.0
72 74.9991 57.4471 234.30 314.30 10.0
48 77.0229 46.9556 244.99 324.99 10.0
26 76.3990 45.5933 246.49 326.49 10.0
6 67.0430 41.6232 256.65 336.65 10.0
12 56.8711 40.7444 266.86 346.86 10.0
57 55.2579 38.8497 269.35 349.35 10.0
55 56.0027 31.5609 276.68 356.68 10.0
78 47.6851 28.9251 285.40 365.40 10.0
56 41.0939 26.8579 292.31 372.31 10.0
7 38.3535 27.7746 295.20 375.20 10.0
74 34.4092 26.0978 299.48 379.48 10.0
53 35.0510 20.5365 305.08 385.08 10.0
28 36.7026 20.4106 306.74 386.74 10.0
44 39.9145 21.2412 310.06 390.06 10.0
5 42.1645 22.9704 312.89 392.89 10.0
15 46.0041 21.5280 317.00 397.00 10.0
62 56.1303 11.5142 331.24 411.24 10.0
77 63.3951 19.6084 342.11 422.11 10.0
79 75.1868 23.8977 354.66 434.66 10.0
11 76.0410 23.8774 355.52 435.52 10.0
1 82.7171 21.2763 362.68 442.68 10.0
51 78.1306 12.4774 372.60 452.60 10.0
22 85.6873 10.7518 380.35 460.35 10.0
39 87.4180 7.2633 384.25 464.25 10.0
63 87.8024 1.1387 390.38 470.38 10.0
17 94.0655 1.7490 396.68 476.68 10.0
34 96.2799 12.8676 408.01 488.01 10.0
66 90.2174 34.0018 430.00 510.00 10.0
9 90.2552 35.0240 431.02 511.02 10.0
50 93.5747 41.4009 438.21 518.21 10.0
2 94.2519 49.3920 446.23 526.23 10.0
71 86.0650 61.3686 460.74 540.74 10.0
65 92.3183 69.9282 471.34 551.34 10.0
35 93.8104 75.8406 477.44 557.44 10.0
13 87.0918 76.1295 484.16 564.16 10.0
19 94.7610 88.8475 499.01 579.01 10.0
29 68.9521 90.3152 524.87 604.87 10.0
58 65.0616 96.3081 532.01 612.01 10.0
27 58.3967 97.3904 538.76 618.76 10.0
33 57.6042 96.6622 539.84 619.84 10.0
40 58.5740 87.3133 549.24 629.24 10.0
73 48.2132 88.8721 559.72 639.72 10.0
32 47.7237 95.0493 565.91 645.91 10.0
43 48.1569 98.1435 569.04 649.04 10.0
80 45.0820 74.7664 592.61 672.61 10.0
42 59.3504 76.1420 606.95 686.95 10.0
23 68.2354 71.9490 616.77 696.77 10.0
20 69.2973 73.9502 619.04 699.04 10.0
10 80.4041 31.3135 663.10 743.10 10.0
69 34.0167 8.7125 714.70 794.70 10.0
75 28.9456 7.4077 719.94 799.94 10.0
37 27.1672 4.7352 723.15 803.15 10.0
68 23.4268 9.3544 729.09 809.09 10.0