56 15.8237 11.0797 0.00 80.00 10.0
19 16.9566 11.0628 0.00 80.00 10.0
20 17.8183 15.8633 0.00 80.00 10.0
44 20.8219 14.7278 0.00 80.00 10.0
58 25.9028 15.2672 0.00 80.00 10.0
49 24.4270 18.7373 0.00 80.00 10.0
11 33.9580 13.0603 8.51 88.51 10.0
14 41.6471 10.7832 16.53 96.53 10.0
4 43.2705 7.9298 19.81 99.81 10.0
70 48.0594 2.1511 27.32 107.32 10.0
26 53.9024 0.3553 33.43 113.43 10.0
51 58.4815 10.0143 44.12 124.12 10.0
62 48.5804 13.7076 54.69 134.69 10.0
23 51.9272 22.9302 64.50 144.50 10.0
47 45.9339 34.4360 77.47 157.47 10.0
22 38.2806 36.9680 85.53 165.53 10.0
59 28.7763 35.6389 95.13 175.13 10.0
9 25.5863 43.0461 103.20 183.20 10.0
73 25.3533 43.1037 103.44 183.44 10.0
21 32.7597 46.8789 111.75 191.75 10.0
16 38.1860 53.5570 120.35 200.35 10.0
13 51.8921 49.2967 134.71 214.71 10.0
76 55.4690 45.0541 140.26 220.26 10.0
8 58.3095 40.5445 145.59 225.59 10.0
71 60.6850 40.8664 147.98 227.98 10.0
25 63.3153 39.0299 151.19 231.19 10.0
60 82.1403 37.5579 170.07 250.07 10.0
79 87.5577 36.4642 175.60 255.60 10.0
69 90.1687 34.9467 178.62 258.62 10.0
33 94.3171 34.8829 182.77 262.77 10.0
6 99.0560 25.3108 193.45 273.45 10.0
24 96.2300 23.6662 196.72 276.72 10.0
1 92.6313 17.9819 203.45 283.45 10.0
39 87.9216 24.3479 211.37 291.37 10.0
42 82.8234 21.2268 217.34 297.34 10.0
7 81.1143 21.0911 219.06 299.06 10.0
65 97.4882 7.7568 240.18 320.18 10.0
57 93.8304 0.0339 248.72 328.72 10.0
46 90.8456 45.5637 294.35 374.35 10.0
68 84.6732 54.7061 305.38 385.38 10.0
43 82.3734 59.8055 310.97 390.97 10.0
2 78.4089 53.8646 318.12 398.12 10.0
10 73.2414 67.7798 332.96 412.96 10.0
63 86.4147 71.9000 346.76 426.76 10.0
52 87.3867 70.3163 348.62 428.62 10.0
29 92.2868 76.5662 356.56 436.56 10.0
27 99.1890 87.2572 369.29 449.29 10.0
66 80.0607 87.2648 388.42 468.42 10.0
77 57.1853 88.8571 411.35 491.35 10.0
30 56.6549 82.3883 417.84 497.84 10.0
61 48.1649 79.4672 426.82 506.82 10.0
35 43.7405 80.7230 431.41 511.41 10.0
67 44.8889 86.6456 437.45 517.45 10.0
78 36.7624 85.7432 445.62 525.62 10.0
37 35.9220 82.0059 449.45 529.45 10.0
5 42.8082 96.3899 465.40 545.40 10.0
15 23.6206 97.1890 484.61 564.61 10.0
80 13.4853 81.5748 503.22 583.22 10.0
31 11.5737 74.2216 510.82 590.82 10.0
40 6.4173 67.9190 518.96 598.96 10.0
50 3.9368 70.8147 522.78 602.78 10.0
41 2.6718 71.0858 524.07 604.07 10.0
53 2.0436 67.1817 528.02 608.02 10.0
64 11.6824 52.6900 545.43 625.43 10.0
45 11.7159 49.5865 548.53 628.53 10.0
75 6.7985 44.8556 555.36 635.36 10.0
54 3.5647 47.1686 559.33 639.33 10.0
74 4.1055 40.2497 566.27 646.27 10.0
28 2.7785 26.8599 579.73 659.73 10.0
32 16.8426 28.1996 593.85 673.85 10.0
18 18.4528 6.2664 615.85 695.85 10.0
38 26.4850 4.1761 624.15 704.15 10.0
72 18.1493 54.7595 675.41 755.41 10.0
34 55.3160 65.0377 713.97 793.97 10.0
48 59.1749 62.0756 718.84 798.84 10.0
55 91.6297 63.1161 751.31 831.31 10.0
17 93.9451 59.8520 755.31 835.31 10.0
36 95.4630 57.2319 758.34 838.34 10.0
3 97.8199 55.3237 761.37 841.37 10.0
12 1.2704 92.1290 864.70 944.70 10.0