39 7.4603 4.4850 0.00 80.00 10.0
11 10.3222 2.8834 0.00 80.00 10.0
67 11.4052 17.1822 0.00 80.00 10.0
22 8.1104 20.7885 0.00 80.00 10.0
45 20.4718 13.1510 5.74 85.74 10.0
72 29.1794 2.6566 19.38 99.38 10.0
6 37.2979 2.0009 27.52 107.52 10.0
30 43.8476 5.3990 34.90 114.90 10.0
71 55.3311 11.1936 47.76 127.76 10.0
64 56.4486 15.7925 52.49 132.49 10.0
40 51.2692 19.5468 58.89 138.89 10.0
63 58.2232 32.1788 73.31 153.31 10.0
51 64.2798 39.5749 82.87 162.87 10.0
76 69.3552 35.9291 89.12 169.12 10.0
4 71.8021 35.1776 91.68 171.68 10.0
56 72.4315 40.4367 96.98 176.98 10.0
34 66.9021 51.3718 109.23 189.23 10.0
1 63.9421 62.8728 121.11 201.11 10.0
41 75.1017 63.3545 132.28 212.28 10.0
46 75.3225 65.8453 134.78 214.78 10.0
70 76.2115 69.5987 138.63 218.63 10.0
68 69.9319 79.0750 150.00 230.00 10.0
44 77.4259 83.2527 158.58 238.58 10.0
73 86.2715 85.4629 167.70 247.70 10.0
23 86.5520 84.1916 169.00 249.00 10.0
54 83.7358 94.3505 179.54 259.54 10.0
31 81.2720 94.0214 182.03 262.03 10.0
47 79.6382 99.8924 188.12 268.12 10.0
48 71.6579 92.4570 199.03 279.03 10.0
16 93.4657 94.7208 220.96 300.96 10.0
19 97.6433 71.9313 244.12 324.12 10.0
57 95.1399 66.9879 249.67 329.67 10.0
20 96.8518 62.4324 254.53 334.53 10.0
36 98.9445 61.1429 256.99 336.99 10.0
50 88.7537 71.2869 271.37 351.37 10.0
5 94.6982 45.9238 297.42 377.42 10.0
21 97.1700 38.5795 305.17 385.17 10.0
37 92.3875 33.5092 312.14 392.14 10.0
25 90.0859 34.9095 314.83 394.83 10.0
59 95.0730 17.6537 332.79 412.79 10.0
58 83.5903 4.2501 350.44 430.44 10.0
79 80.6817 7.1685 354.56 434.56 10.0
61 75.9763 9.4179 359.78 439.78 10.0
43 69.0738 12.8313 367.48 447.48 10.0
7 75.7013 21.3710 378.29 458.29 10.0
10 39.4051 35.8230 417.36 497.36 10.0
3 33.6454 36.3901 423.15 503.15 10.0
60 31.2588 38.1624 426.12 506.12 10.0
33 26.4105 30.5856 435.11 515.11 10.0
49 20.6774 40.1528 446.27 526.27 10.0
65 8.3416 44.8369 459.46 539.46 10.0
13 11.5365 49.9105 465.46 545.46 10.0
12 11.8261 57.1854 472.74 552.74 10.0
55 3.6544 53.9501 481.53 561.53 10.0
29 3.7675 35.3506 500.13 580.13 10.0
66 24.4286 55.6856 529.12 609.12 10.0
42 40.7968 48.6653 546.93 626.93 10.0
78 49.2405 56.0516 558.15 638.15 10.0
77 49.9814 63.6021 565.73 645.73 10.0
8 45.6632 67.5489 571.58 651.58 10.0
38 43.0306 63.6699 576.27 656.27 10.0
32 41.1755 69.4659 582.36 662.36 10.0
24 38.3946 71.3655 585.72 665.72 10.0
17 46.6219 81.0309 598.42 678.42 10.0
62 43.8767 85.6564 603.80 683.80 10.0
27 36.8851 92.4756 613.56 693.56 10.0
80 35.8128 94.0795 615.49 695.49 10.0
26 26.7443 98.4785 625.57 705.57 10.0
28 25.3810 96.2619 628.17 708.17 10.0
75 23.1870 96.3523 630.37 710.37 10.0
18 17.0848 95.9419 636.48 716.48 10.0
35 10.0971 98.9830 644.10 724.10 10.0
53 4.7625 89.7769 654.74 734.74 10.0
74 7.1189 86.6719 658.64 738.64 10.0
69 13.7043 83.1147 666.13 746.13 10.0
14 14.9964 79.4283 670.03 750.03 10.0
2 24.0923 80.6791 679.22 759.22 10.0
52 23.3730 86.5363 685.12 765.12 10.0
15 3.5877 77.6050 706.82 786.82 10.0
9 46.6766 95.1710 753.36 833.36 10.0