25 9.5799 2.3213 0.00 80.00 10.0
13 12.4545 18.7388 0.00 80.00 10.0
34 22.5095 14.5672 0.00 80.00 10.0
26 26.4473 18.4666 2.95 82.95 10.0
33 33.7546 12.5700 12.34 92.34 10.0
19 38.8870 16.4693 18.79 98.79 10.0
21 41.9023 21.7428 24.86 104.86 10.0
53 43.4337 23.0864 26.90 106.90 10.0
23 42.4357 25.5640 29.57 109.57 10.0
78 48.0525 15.4538 41.14 121.14 10.0
31 42.7013 5.8854 52.10 132.10 10.0
36 38.1890 6.9265 56.73 136.73 10.0
4 40.1487 0.1457 63.79 143.79 10.0
14 50.0919 4.3284 74.58 154.58 10.0
17 64.9590 9.3154 90.26 170.26 10.0
63 72.5911 17.5217 101.46 181.46 10.0
73 67.4867 22.7175 108.75 188.75 10.0
8 63.7003 20.8069 112.99 192.99 10.0
62 59.7686 29.7199 122.73 202.73 10.0
79 64.9183 30.9719 128.03 208.03 10.0
56 78.9366 24.3133 143.55 223.55 10.0
6 84.6103 26.4822 149.62 229.62 10.0
9 86.0943 25.9868 151.19 231.19 10.0
75 85.3720 18.9970 158.21 238.21 10.0
65 80.5240 9.7220 168.68 248.68 10.0
71 90.3622 6.1344 179.15 259.15 10.0
7 90.5269 2.6733 182.62 262.62 10.0
40 95.1534 7.9900 189.66 269.66 10.0
30 96.8066 10.8751 192.99 272.99 10.0
64 81.5489 38.5630 224.60 304.60 10.0
61 82.2542 46.7339 232.80 312.80 10.0
22 69.1825 51.0380 246.57 326.57 10.0
20 68.1977 56.4670 252.08 332.08 10.0
80 69.5267 60.9017 256.71 336.71 10.0
27 69.1578 71.4042 267.22 347.22 10.0
52 75.5718 73.6959 274.03 354.03 10.0
57 78.4723 78.3500 279.52 359.52 10.0
74 82.3058 77.8326 283.39 363.39 10.0
72 85.7287 80.4611 287.70 367.70 10.0
1 90.0224 80.4751 292.00 372.00 10.0
67 91.2465 86.6598 298.30 378.30 10.0
69 95.8771 85.0353 303.21 383.21 10.0
50 94.6237 70.1533 318.14 398.14 10.0
68 93.7184 69.7063 319.15 399.15 10.0
59 92.6083 68.1826 321.04 401.04 10.0
46 84.6268 61.2671 331.60 411.60 10.0
38 76.3991 85.7129 357.39 437.39 10.0
18 81.1378 91.0321 364.52 444.52 10.0
5 58.1507 91.1984 387.50 467.50 10.0
32 56.4537 97.2941 393.83 473.83 10.0
41 43.2105 99.5997 407.27 487.27 10.0
24 30.9554 97.3581 419.73 499.73 10.0
35 16.1602 93.1834 435.10 515.10 10.0
47 16.6493 88.7076 439.61 519.61 10.0
55 25.2055 78.6711 452.79 532.79 10.0
28 26.2388 77.3756 454.45 534.45 10.0
60 26.7632 74.7377 457.14 537.14 10.0
37 29.0343 77.7004 460.87 540.87 10.0
15 40.3248 77.7667 472.17 552.17 10.0
43 37.5123 69.5933 480.81 560.81 10.0
12 34.6426 58.8631 491.92 571.92 10.0
77 24.1169 60.1241 502.52 582.52 10.0
11 18.4113 55.9805 509.57 589.57 10.0
29 7.0920 58.3946 521.14 601.14 10.0
70 7.2161 68.3134 531.06 611.06 10.0
76 2.3598 71.4335 536.83 616.83 10.0
51 7.2394 76.5478 543.90 623.90 10.0
58 19.1476 71.5251 556.83 636.83 10.0
16 5.0498 95.7769 584.88 664.88 10.0
54 54.5453 73.6349 639.10 719.10 10.0
66 58.7892 76.9212 644.47 724.47 10.0
42 52.9927 60.2183 662.15 742.15 10.0
3 59.2520 47.6130 676.22 756.22 10.0
10 61.6940 48.0170 678.70 758.70 10.0
49 35.6798 47.4211 704.72 784.72 10.0
39 27.9079 38.0992 716.86 796.86 10.0
45 19.3492 40.6917 725.80 805.80 10.0
2 15.1699 29.8755 737.39 817.39 10.0
48 7.1131 31.4041 745.59 825.59 10.0
44 5.1146 27.9126 749.62 829.62 10.0